Date,Entity,AlgoBalance,AlgoBalanceDelta
2019-06-11,BKEX,0.0,0.0
2019-06-12,BKEX,0.0,0.0
2019-06-13,BKEX,0.0,0.0
2019-06-14,BKEX,0.0,0.0
2019-06-15,BKEX,0.0,0.0
2019-06-16,BKEX,0.0,0.0
2019-06-17,BKEX,0.0,0.0
2019-06-18,BKEX,0.0,0.0
2019-06-19,BKEX,0.0,0.0
2019-06-20,BKEX,0.0,0.0
2019-06-21,BKEX,0.0,0.0
2019-06-22,BKEX,0.0,0.0
2019-06-23,BKEX,0.0,0.0
2019-06-24,BKEX,0.0,0.0
2019-06-25,BKEX,0.0,0.0
2019-06-26,BKEX,0.0,0.0
2019-06-27,BKEX,0.0,0.0
2019-06-28,BKEX,0.0,0.0
2019-06-29,BKEX,0.0,0.0
2019-06-30,BKEX,0.0,0.0
2019-07-01,BKEX,0.0,0.0
2019-07-02,BKEX,0.0,0.0
2019-07-03,BKEX,0.0,0.0
2019-07-04,BKEX,0.0,0.0
2019-07-05,BKEX,0.0,0.0
2019-07-06,BKEX,0.0,0.0
2019-07-07,BKEX,0.0,0.0
2019-07-08,BKEX,0.0,0.0
2019-07-09,BKEX,0.0,0.0
2019-07-10,BKEX,0.0,0.0
2019-07-11,BKEX,0.0,0.0
2019-07-12,BKEX,0.0,0.0
2019-07-13,BKEX,0.0,0.0
2019-07-14,BKEX,0.0,0.0
2019-07-15,BKEX,0.0,0.0
2019-07-16,BKEX,0.0,0.0
2019-07-17,BKEX,0.0,0.0
2019-07-18,BKEX,0.0,0.0
2019-07-19,BKEX,0.0,0.0
2019-07-20,BKEX,0.0,0.0
2019-07-21,BKEX,0.0,0.0
2019-07-22,BKEX,0.0,0.0
2019-07-23,BKEX,0.0,0.0
2019-07-24,BKEX,0.0,0.0
2019-07-25,BKEX,0.0,0.0
2019-07-26,BKEX,0.0,0.0
2019-07-27,BKEX,0.0,0.0
2019-07-28,BKEX,0.0,0.0
2019-07-29,BKEX,0.0,0.0
2019-07-30,BKEX,0.0,0.0
2019-07-31,BKEX,0.0,0.0
2019-08-01,BKEX,0.0,0.0
2019-08-02,BKEX,0.0,0.0
2019-08-03,BKEX,0.0,0.0
2019-08-04,BKEX,0.0,0.0
2019-08-05,BKEX,0.0,0.0
2019-08-06,BKEX,0.0,0.0
2019-08-07,BKEX,0.0,0.0
2019-08-08,BKEX,0.0,0.0
2019-08-09,BKEX,0.0,0.0
2019-08-10,BKEX,0.0,0.0
2019-08-11,BKEX,0.0,0.0
2019-08-12,BKEX,0.0,0.0
2019-08-13,BKEX,0.0,0.0
2019-08-14,BKEX,0.0,0.0
2019-08-15,BKEX,0.0,0.0
2019-08-16,BKEX,0.0,0.0
2019-08-17,BKEX,0.0,0.0
2019-08-18,BKEX,0.0,0.0
2019-08-19,BKEX,0.0,0.0
2019-08-20,BKEX,0.0,0.0
2019-08-21,BKEX,0.0,0.0
2019-08-22,BKEX,0.0,0.0
2019-08-23,BKEX,0.0,0.0
2019-08-24,BKEX,0.0,0.0
2019-08-25,BKEX,0.0,0.0
2019-08-26,BKEX,0.0,0.0
2019-08-27,BKEX,0.0,0.0
2019-08-28,BKEX,0.0,0.0
2019-08-29,BKEX,0.0,0.0
2019-08-30,BKEX,0.0,0.0
2019-08-31,BKEX,0.0,0.0
2019-09-01,BKEX,0.0,0.0
2019-09-02,BKEX,0.0,0.0
2019-09-03,BKEX,0.0,0.0
2019-09-04,BKEX,0.0,0.0
2019-09-05,BKEX,0.0,0.0
2019-09-06,BKEX,0.0,0.0
2019-09-07,BKEX,0.0,0.0
2019-09-08,BKEX,0.0,0.0
2019-09-09,BKEX,0.0,0.0
2019-09-10,BKEX,0.0,0.0
2019-09-11,BKEX,0.0,0.0
2019-09-12,BKEX,0.0,0.0
2019-09-13,BKEX,0.0,0.0
2019-09-14,BKEX,0.0,0.0
2019-09-15,BKEX,0.0,0.0
2019-09-16,BKEX,0.0,0.0
2019-09-17,BKEX,0.0,0.0
2019-09-18,BKEX,0.0,0.0
2019-09-19,BKEX,0.0,0.0
2019-09-20,BKEX,0.0,0.0
2019-09-21,BKEX,0.0,0.0
2019-09-22,BKEX,0.0,0.0
2019-09-23,BKEX,0.0,0.0
2019-09-24,BKEX,0.0,0.0
2019-09-25,BKEX,0.0,0.0
2019-09-26,BKEX,0.0,0.0
2019-09-27,BKEX,0.0,0.0
2019-09-28,BKEX,0.0,0.0
2019-09-29,BKEX,0.0,0.0
2019-09-30,BKEX,0.0,0.0
2019-10-01,BKEX,0.0,0.0
2019-10-02,BKEX,0.0,0.0
2019-10-03,BKEX,0.0,0.0
2019-10-04,BKEX,0.0,0.0
2019-10-05,BKEX,0.0,0.0
2019-10-06,BKEX,0.0,0.0
2019-10-07,BKEX,0.0,0.0
2019-10-08,BKEX,0.0,0.0
2019-10-09,BKEX,0.0,0.0
2019-10-10,BKEX,0.0,0.0
2019-10-11,BKEX,0.0,0.0
2019-10-12,BKEX,0.0,0.0
2019-10-13,BKEX,0.0,0.0
2019-10-14,BKEX,0.0,0.0
2019-10-15,BKEX,0.0,0.0
2019-10-16,BKEX,0.0,0.0
2019-10-17,BKEX,0.0,0.0
2019-10-18,BKEX,0.0,0.0
2019-10-19,BKEX,0.0,0.0
2019-10-20,BKEX,0.0,0.0
2019-10-21,BKEX,0.0,0.0
2019-10-22,BKEX,0.0,0.0
2019-10-23,BKEX,0.0,0.0
2019-10-24,BKEX,0.0,0.0
2019-10-25,BKEX,0.0,0.0
2019-10-26,BKEX,0.0,0.0
2019-10-27,BKEX,0.0,0.0
2019-10-28,BKEX,0.0,0.0
2019-10-29,BKEX,0.0,0.0
2019-10-30,BKEX,0.0,0.0
2019-10-31,BKEX,0.0,0.0
2019-11-01,BKEX,0.0,0.0
2019-11-02,BKEX,0.0,0.0
2019-11-03,BKEX,0.0,0.0
2019-11-04,BKEX,0.0,0.0
2019-11-05,BKEX,0.0,0.0
2019-11-06,BKEX,0.0,0.0
2019-11-07,BKEX,0.0,0.0
2019-11-08,BKEX,0.0,0.0
2019-11-09,BKEX,0.0,0.0
2019-11-10,BKEX,0.0,0.0
2019-11-11,BKEX,0.0,0.0
2019-11-12,BKEX,0.0,0.0
2019-11-13,BKEX,0.0,0.0
2019-11-14,BKEX,0.0,0.0
2019-11-15,BKEX,0.0,0.0
2019-11-16,BKEX,0.0,0.0
2019-11-17,BKEX,0.0,0.0
2019-11-18,BKEX,0.0,0.0
2019-11-19,BKEX,0.0,0.0
2019-11-20,BKEX,0.0,0.0
2019-11-21,BKEX,0.0,0.0
2019-11-22,BKEX,0.0,0.0
2019-11-23,BKEX,0.0,0.0
2019-11-24,BKEX,0.0,0.0
2019-11-25,BKEX,0.0,0.0
2019-11-26,BKEX,0.0,0.0
2019-11-27,BKEX,0.0,0.0
2019-11-28,BKEX,0.0,0.0
2019-11-29,BKEX,0.0,0.0
2019-11-30,BKEX,0.0,0.0
2019-12-01,BKEX,0.0,0.0
2019-12-02,BKEX,0.0,0.0
2019-12-03,BKEX,0.0,0.0
2019-12-04,BKEX,0.0,0.0
2019-12-05,BKEX,0.0,0.0
2019-12-06,BKEX,0.0,0.0
2019-12-07,BKEX,0.0,0.0
2019-12-08,BKEX,0.0,0.0
2019-12-09,BKEX,0.0,0.0
2019-12-10,BKEX,0.0,0.0
2019-12-11,BKEX,0.0,0.0
2019-12-12,BKEX,0.0,0.0
2019-12-13,BKEX,0.0,0.0
2019-12-14,BKEX,0.0,0.0
2019-12-15,BKEX,0.0,0.0
2019-12-16,BKEX,0.0,0.0
2019-12-17,BKEX,0.0,0.0
2019-12-18,BKEX,0.0,0.0
2019-12-19,BKEX,0.0,0.0
2019-12-20,BKEX,0.0,0.0
2019-12-21,BKEX,0.0,0.0
2019-12-22,BKEX,0.0,0.0
2019-12-23,BKEX,0.0,0.0
2019-12-24,BKEX,0.0,0.0
2019-12-25,BKEX,0.0,0.0
2019-12-26,BKEX,0.0,0.0
2019-12-27,BKEX,0.0,0.0
2019-12-28,BKEX,0.0,0.0
2019-12-29,BKEX,0.0,0.0
2019-12-30,BKEX,0.0,0.0
2019-12-31,BKEX,0.0,0.0
2020-01-01,BKEX,0.0,0.0
2020-01-02,BKEX,0.0,0.0
2020-01-03,BKEX,0.0,0.0
2020-01-04,BKEX,0.0,0.0
2020-01-05,BKEX,0.0,0.0
2020-01-06,BKEX,0.0,0.0
2020-01-07,BKEX,0.0,0.0
2020-01-08,BKEX,0.0,0.0
2020-01-09,BKEX,0.0,0.0
2020-01-10,BKEX,0.0,0.0
2020-01-11,BKEX,0.0,0.0
2020-01-12,BKEX,0.0,0.0
2020-01-13,BKEX,0.0,0.0
2020-01-14,BKEX,0.0,0.0
2020-01-15,BKEX,0.0,0.0
2020-01-16,BKEX,0.0,0.0
2020-01-17,BKEX,0.0,0.0
2020-01-18,BKEX,0.0,0.0
2020-01-19,BKEX,0.0,0.0
2020-01-20,BKEX,0.0,0.0
2020-01-21,BKEX,0.0,0.0
2020-01-22,BKEX,0.0,0.0
2020-01-23,BKEX,0.0,0.0
2020-01-24,BKEX,0.0,0.0
2020-01-25,BKEX,0.0,0.0
2020-01-26,BKEX,0.0,0.0
2020-01-27,BKEX,0.0,0.0
2020-01-28,BKEX,0.0,0.0
2020-01-29,BKEX,0.0,0.0
2020-01-30,BKEX,0.0,0.0
2020-01-31,BKEX,0.0,0.0
2020-02-01,BKEX,0.0,0.0
2020-02-02,BKEX,0.0,0.0
2020-02-03,BKEX,0.0,0.0
2020-02-04,BKEX,0.0,0.0
2020-02-05,BKEX,0.0,0.0
2020-02-06,BKEX,0.0,0.0
2020-02-07,BKEX,0.0,0.0
2020-02-08,BKEX,0.0,0.0
2020-02-09,BKEX,0.0,0.0
2020-02-10,BKEX,0.0,0.0
2020-02-11,BKEX,0.0,0.0
2020-02-12,BKEX,0.0,0.0
2020-02-13,BKEX,0.0,0.0
2020-02-14,BKEX,0.0,0.0
2020-02-15,BKEX,0.0,0.0
2020-02-16,BKEX,0.0,0.0
2020-02-17,BKEX,0.0,0.0
2020-02-18,BKEX,0.0,0.0
2020-02-19,BKEX,0.0,0.0
2020-02-20,BKEX,0.0,0.0
2020-02-21,BKEX,0.0,0.0
2020-02-22,BKEX,0.0,0.0
2020-02-23,BKEX,0.0,0.0
2020-02-24,BKEX,0.0,0.0
2020-02-25,BKEX,0.0,0.0
2020-02-26,BKEX,0.0,0.0
2020-02-27,BKEX,0.0,0.0
2020-02-28,BKEX,0.0,0.0
2020-02-29,BKEX,0.0,0.0
2020-03-01,BKEX,0.0,0.0
2020-03-02,BKEX,0.0,0.0
2020-03-03,BKEX,0.0,0.0
2020-03-04,BKEX,0.0,0.0
2020-03-05,BKEX,0.0,0.0
2020-03-06,BKEX,0.0,0.0
2020-03-07,BKEX,0.0,0.0
2020-03-08,BKEX,0.0,0.0
2020-03-09,BKEX,0.0,0.0
2020-03-10,BKEX,0.0,0.0
2020-03-11,BKEX,0.0,0.0
2020-03-12,BKEX,0.0,0.0
2020-03-13,BKEX,0.0,0.0
2020-03-14,BKEX,0.0,0.0
2020-03-15,BKEX,0.0,0.0
2020-03-16,BKEX,0.0,0.0
2020-03-17,BKEX,0.0,0.0
2020-03-18,BKEX,0.0,0.0
2020-03-19,BKEX,0.0,0.0
2020-03-20,BKEX,0.0,0.0
2020-03-21,BKEX,0.0,0.0
2020-03-22,BKEX,0.0,0.0
2020-03-23,BKEX,0.0,0.0
2020-03-24,BKEX,0.0,0.0
2020-03-25,BKEX,0.0,0.0
2020-03-26,BKEX,0.0,0.0
2020-03-27,BKEX,0.0,0.0
2020-03-28,BKEX,0.0,0.0
2020-03-29,BKEX,0.0,0.0
2020-03-30,BKEX,0.0,0.0
2020-03-31,BKEX,0.0,0.0
2020-04-01,BKEX,0.0,0.0
2020-04-02,BKEX,0.0,0.0
2020-04-03,BKEX,0.0,0.0
2020-04-04,BKEX,0.0,0.0
2020-04-05,BKEX,0.0,0.0
2020-04-06,BKEX,0.0,0.0
2020-04-07,BKEX,0.0,0.0
2020-04-08,BKEX,0.0,0.0
2020-04-09,BKEX,0.0,0.0
2020-04-10,BKEX,0.0,0.0
2020-04-11,BKEX,0.0,0.0
2020-04-12,BKEX,0.0,0.0
2020-04-13,BKEX,0.0,0.0
2020-04-14,BKEX,0.0,0.0
2020-04-15,BKEX,0.0,0.0
2020-04-16,BKEX,0.0,0.0
2020-04-17,BKEX,0.0,0.0
2020-04-18,BKEX,0.0,0.0
2020-04-19,BKEX,0.0,0.0
2020-04-20,BKEX,0.0,0.0
2020-04-21,BKEX,0.0,0.0
2020-04-22,BKEX,0.0,0.0
2020-04-23,BKEX,0.0,0.0
2020-04-24,BKEX,0.0,0.0
2020-04-25,BKEX,0.0,0.0
2020-04-26,BKEX,0.0,0.0
2020-04-27,BKEX,0.0,0.0
2020-04-28,BKEX,0.0,0.0
2020-04-29,BKEX,0.0,0.0
2020-04-30,BKEX,0.0,0.0
2020-05-01,BKEX,0.0,0.0
2020-05-02,BKEX,0.0,0.0
2020-05-03,BKEX,0.0,0.0
2020-05-04,BKEX,0.0,0.0
2020-05-05,BKEX,0.0,0.0
2020-05-06,BKEX,0.0,0.0
2020-05-07,BKEX,0.0,0.0
2020-05-08,BKEX,0.0,0.0
2020-05-09,BKEX,0.0,0.0
2020-05-10,BKEX,0.0,0.0
2020-05-11,BKEX,0.0,0.0
2020-05-12,BKEX,0.0,0.0
2020-05-13,BKEX,0.0,0.0
2020-05-14,BKEX,0.0,0.0
2020-05-15,BKEX,0.0,0.0
2020-05-16,BKEX,0.0,0.0
2020-05-17,BKEX,0.0,0.0
2020-05-18,BKEX,0.0,0.0
2020-05-19,BKEX,0.0,0.0
2020-05-20,BKEX,0.0,0.0
2020-05-21,BKEX,0.0,0.0
2020-05-22,BKEX,0.0,0.0
2020-05-23,BKEX,0.0,0.0
2020-05-24,BKEX,0.0,0.0
2020-05-25,BKEX,0.0,0.0
2020-05-26,BKEX,0.0,0.0
2020-05-27,BKEX,0.0,0.0
2020-05-28,BKEX,0.0,0.0
2020-05-29,BKEX,0.0,0.0
2020-05-30,BKEX,0.0,0.0
2020-05-31,BKEX,0.0,0.0
2020-06-01,BKEX,0.0,0.0
2020-06-02,BKEX,0.0,0.0
2020-06-03,BKEX,0.0,0.0
2020-06-04,BKEX,0.0,0.0
2020-06-05,BKEX,0.0,0.0
2020-06-06,BKEX,0.0,0.0
2020-06-07,BKEX,0.0,0.0
2020-06-08,BKEX,0.0,0.0
2020-06-09,BKEX,0.0,0.0
2020-06-10,BKEX,0.0,0.0
2020-06-11,BKEX,0.0,0.0
2020-06-12,BKEX,0.0,0.0
2020-06-13,BKEX,0.0,0.0
2020-06-14,BKEX,0.0,0.0
2020-06-15,BKEX,0.0,0.0
2020-06-16,BKEX,0.0,0.0
2020-06-17,BKEX,0.0,0.0
2020-06-18,BKEX,0.0,0.0
2020-06-19,BKEX,0.0,0.0
2020-06-20,BKEX,0.0,0.0
2020-06-21,BKEX,0.0,0.0
2020-06-22,BKEX,0.0,0.0
2020-06-23,BKEX,0.0,0.0
2020-06-24,BKEX,0.0,0.0
2020-06-25,BKEX,0.0,0.0
2020-06-26,BKEX,0.0,0.0
2020-06-27,BKEX,0.0,0.0
2020-06-28,BKEX,0.0,0.0
2020-06-29,BKEX,0.0,0.0
2020-06-30,BKEX,0.0,0.0
2020-07-01,BKEX,0.0,0.0
2020-07-02,BKEX,0.0,0.0
2020-07-03,BKEX,0.0,0.0
2020-07-04,BKEX,0.0,0.0
2020-07-05,BKEX,0.0,0.0
2020-07-06,BKEX,0.0,0.0
2020-07-07,BKEX,0.0,0.0
2020-07-08,BKEX,0.0,0.0
2020-07-09,BKEX,0.0,0.0
2020-07-10,BKEX,0.0,0.0
2020-07-11,BKEX,0.0,0.0
2020-07-12,BKEX,0.0,0.0
2020-07-13,BKEX,0.0,0.0
2020-07-14,BKEX,0.0,0.0
2020-07-15,BKEX,0.0,0.0
2020-07-16,BKEX,0.0,0.0
2020-07-17,BKEX,0.0,0.0
2020-07-18,BKEX,0.0,0.0
2020-07-19,BKEX,0.0,0.0
2020-07-20,BKEX,0.0,0.0
2020-07-21,BKEX,0.0,0.0
2020-07-22,BKEX,0.0,0.0
2020-07-23,BKEX,0.0,0.0
2020-07-24,BKEX,0.0,0.0
2020-07-25,BKEX,0.0,0.0
2020-07-26,BKEX,0.0,0.0
2020-07-27,BKEX,0.0,0.0
2020-07-28,BKEX,0.0,0.0
2020-07-29,BKEX,0.0,0.0
2020-07-30,BKEX,0.0,0.0
2020-07-31,BKEX,0.0,0.0
2020-08-01,BKEX,0.0,0.0
2020-08-02,BKEX,0.0,0.0
2020-08-03,BKEX,0.0,0.0
2020-08-04,BKEX,0.0,0.0
2020-08-05,BKEX,0.0,0.0
2020-08-06,BKEX,0.0,0.0
2020-08-07,BKEX,0.0,0.0
2020-08-08,BKEX,0.0,0.0
2020-08-09,BKEX,0.0,0.0
2020-08-10,BKEX,0.0,0.0
2020-08-11,BKEX,0.0,0.0
2020-08-12,BKEX,0.0,0.0
2020-08-13,BKEX,0.0,0.0
2020-08-14,BKEX,0.0,0.0
2020-08-15,BKEX,0.0,0.0
2020-08-16,BKEX,0.0,0.0
2020-08-17,BKEX,0.0,0.0
2020-08-18,BKEX,0.0,0.0
2020-08-19,BKEX,0.0,0.0
2020-08-20,BKEX,0.0,0.0
2020-08-21,BKEX,0.0,0.0
2020-08-22,BKEX,0.0,0.0
2020-08-23,BKEX,0.0,0.0
2020-08-24,BKEX,0.0,0.0
2020-08-25,BKEX,0.0,0.0
2020-08-26,BKEX,0.0,0.0
2020-08-27,BKEX,0.0,0.0
2020-08-28,BKEX,0.0,0.0
2020-08-29,BKEX,0.0,0.0
2020-08-30,BKEX,0.0,0.0
2020-08-31,BKEX,0.0,0.0
2020-09-01,BKEX,0.0,0.0
2020-09-02,BKEX,0.0,0.0
2020-09-03,BKEX,0.0,0.0
2020-09-04,BKEX,0.0,0.0
2020-09-05,BKEX,0.0,0.0
2020-09-06,BKEX,0.0,0.0
2020-09-07,BKEX,0.0,0.0
2020-09-08,BKEX,0.0,0.0
2020-09-09,BKEX,0.0,0.0
2020-09-10,BKEX,0.0,0.0
2020-09-11,BKEX,0.0,0.0
2020-09-12,BKEX,0.0,0.0
2020-09-13,BKEX,0.0,0.0
2020-09-14,BKEX,0.0,0.0
2020-09-15,BKEX,0.0,0.0
2020-09-16,BKEX,0.0,0.0
2020-09-17,BKEX,0.0,0.0
2020-09-18,BKEX,0.0,0.0
2020-09-19,BKEX,0.0,0.0
2020-09-20,BKEX,0.0,0.0
2020-09-21,BKEX,0.0,0.0
2020-09-22,BKEX,0.0,0.0
2020-09-23,BKEX,0.0,0.0
2020-09-24,BKEX,0.0,0.0
2020-09-25,BKEX,0.0,0.0
2020-09-26,BKEX,0.0,0.0
2020-09-27,BKEX,0.0,0.0
2020-09-28,BKEX,0.0,0.0
2020-09-29,BKEX,0.0,0.0
2020-09-30,BKEX,0.0,0.0
2020-10-01,BKEX,0.0,0.0
2020-10-02,BKEX,0.0,0.0
2020-10-03,BKEX,0.0,0.0
2020-10-04,BKEX,0.0,0.0
2020-10-05,BKEX,0.0,0.0
2020-10-06,BKEX,0.0,0.0
2020-10-07,BKEX,0.0,0.0
2020-10-08,BKEX,0.0,0.0
2020-10-09,BKEX,0.0,0.0
2020-10-10,BKEX,0.0,0.0
2020-10-11,BKEX,0.0,0.0
2020-10-12,BKEX,0.0,0.0
2020-10-13,BKEX,0.0,0.0
2020-10-14,BKEX,0.0,0.0
2020-10-15,BKEX,0.0,0.0
2020-10-16,BKEX,0.0,0.0
2020-10-17,BKEX,0.0,0.0
2020-10-18,BKEX,0.0,0.0
2020-10-19,BKEX,0.0,0.0
2020-10-20,BKEX,0.0,0.0
2020-10-21,BKEX,0.0,0.0
2020-10-22,BKEX,0.0,0.0
2020-10-23,BKEX,0.0,0.0
2020-10-24,BKEX,0.0,0.0
2020-10-25,BKEX,0.0,0.0
2020-10-26,BKEX,0.0,0.0
2020-10-27,BKEX,0.0,0.0
2020-10-28,BKEX,0.0,0.0
2020-10-29,BKEX,0.0,0.0
2020-10-30,BKEX,0.0,0.0
2020-10-31,BKEX,0.0,0.0
2020-11-01,BKEX,0.0,0.0
2020-11-02,BKEX,0.0,0.0
2020-11-03,BKEX,0.0,0.0
2020-11-04,BKEX,0.0,0.0
2020-11-05,BKEX,0.0,0.0
2020-11-06,BKEX,0.0,0.0
2020-11-07,BKEX,0.0,0.0
2020-11-08,BKEX,0.0,0.0
2020-11-09,BKEX,0.0,0.0
2020-11-10,BKEX,0.0,0.0
2020-11-11,BKEX,0.0,0.0
2020-11-12,BKEX,0.0,0.0
2020-11-13,BKEX,0.0,0.0
2020-11-14,BKEX,0.0,0.0
2020-11-15,BKEX,0.0,0.0
2020-11-16,BKEX,0.0,0.0
2020-11-17,BKEX,0.0,0.0
2020-11-18,BKEX,0.0,0.0
2020-11-19,BKEX,0.0,0.0
2020-11-20,BKEX,0.0,0.0
2020-11-21,BKEX,0.0,0.0
2020-11-22,BKEX,0.0,0.0
2020-11-23,BKEX,0.0,0.0
2020-11-24,BKEX,0.0,0.0
2020-11-25,BKEX,0.0,0.0
2020-11-26,BKEX,0.0,0.0
2020-11-27,BKEX,0.0,0.0
2020-11-28,BKEX,0.0,0.0
2020-11-29,BKEX,0.0,0.0
2020-11-30,BKEX,0.0,0.0
2020-12-01,BKEX,0.0,0.0
2020-12-02,BKEX,0.0,0.0
2020-12-03,BKEX,0.0,0.0
2020-12-04,BKEX,0.0,0.0
2020-12-05,BKEX,0.0,0.0
2020-12-06,BKEX,0.0,0.0
2020-12-07,BKEX,0.0,0.0
2020-12-08,BKEX,0.0,0.0
2020-12-09,BKEX,0.0,0.0
2020-12-10,BKEX,0.0,0.0
2020-12-11,BKEX,0.0,0.0
2020-12-12,BKEX,0.0,0.0
2020-12-13,BKEX,0.0,0.0
2020-12-14,BKEX,0.0,0.0
2020-12-15,BKEX,0.0,0.0
2020-12-16,BKEX,0.0,0.0
2020-12-17,BKEX,0.0,0.0
2020-12-18,BKEX,0.0,0.0
2020-12-19,BKEX,0.0,0.0
2020-12-20,BKEX,0.0,0.0
2020-12-21,BKEX,0.0,0.0
2020-12-22,BKEX,0.0,0.0
2020-12-23,BKEX,0.0,0.0
2020-12-24,BKEX,0.0,0.0
2020-12-25,BKEX,0.0,0.0
2020-12-26,BKEX,0.0,0.0
2020-12-27,BKEX,0.0,0.0
2020-12-28,BKEX,0.0,0.0
2020-12-29,BKEX,0.0,0.0
2020-12-30,BKEX,0.0,0.0
2020-12-31,BKEX,0.0,0.0
2021-01-01,BKEX,0.0,0.0
2021-01-02,BKEX,0.0,0.0
2021-01-03,BKEX,0.0,0.0
2021-01-04,BKEX,0.0,0.0
2021-01-05,BKEX,0.0,0.0
2021-01-06,BKEX,0.0,0.0
2021-01-07,BKEX,0.0,0.0
2021-01-08,BKEX,0.0,0.0
2021-01-09,BKEX,0.0,0.0
2021-01-10,BKEX,0.0,0.0
2021-01-11,BKEX,0.0,0.0
2021-01-12,BKEX,0.0,0.0
2021-01-13,BKEX,0.0,0.0
2021-01-14,BKEX,0.0,0.0
2021-01-15,BKEX,0.0,0.0
2021-01-16,BKEX,0.0,0.0
2021-01-17,BKEX,0.0,0.0
2021-01-18,BKEX,0.0,0.0
2021-01-19,BKEX,0.0,0.0
2021-01-20,BKEX,0.0,0.0
2021-01-21,BKEX,0.0,0.0
2021-01-22,BKEX,3.398004,3.398004
2021-01-23,BKEX,3.398004,0.0
2021-01-24,BKEX,3.398004,0.0
2021-01-25,BKEX,3.398004,0.0
2021-01-26,BKEX,5.297334,1.89933
2021-01-27,BKEX,6.496373,1.199039
2021-01-28,BKEX,8.396693,1.90032
2021-01-29,BKEX,1755.866253,1747.46956
2021-01-30,BKEX,1755.866253,0.0
2021-01-31,BKEX,1755.866253,0.0
2021-02-01,BKEX,1755.866253,0.0
2021-02-02,BKEX,1755.866253,0.0
2021-02-03,BKEX,1755.866253,0.0
2021-02-04,BKEX,1755.866253,0.0
2021-02-05,BKEX,1755.866253,0.0
2021-02-06,BKEX,1956.579653,200.7134
2021-02-07,BKEX,1956.579653,0.0
2021-02-08,BKEX,2067.139029,110.559376
2021-02-09,BKEX,2067.139029,0.0
2021-02-10,BKEX,52476.957615,50409.818586
2021-02-11,BKEX,52476.957615,0.0
2021-02-12,BKEX,52597.207571,120.249956
2021-02-13,BKEX,52586.356984,-10.850587
2021-02-14,BKEX,52586.356984,0.0
2021-02-15,BKEX,12823.739006,-39762.617978
2021-02-16,BKEX,12823.739006,0.0
2021-02-17,BKEX,12609.251966,-214.48704
2021-02-18,BKEX,12609.251966,0.0
2021-02-19,BKEX,12609.251966,0.0
2021-02-20,BKEX,12609.251966,0.0
2021-02-21,BKEX,12816.741183,207.489217
2021-02-22,BKEX,13723.444935,906.703752
2021-02-23,BKEX,13723.444935,0.0
2021-02-24,BKEX,13723.444935,0.0
2021-02-25,BKEX,13723.444935,0.0
2021-02-26,BKEX,13824.873559,101.428624
2021-02-27,BKEX,13824.873559,0.0
2021-02-28,BKEX,13714.422655,-110.450904
2021-03-01,BKEX,13714.422655,0.0
2021-03-02,BKEX,13714.422655,0.0
2021-03-03,BKEX,13797.374767,82.952112
2021-03-04,BKEX,13797.374767,0.0
2021-03-05,BKEX,13797.374767,0.0
2021-03-06,BKEX,13797.374767,0.0
2021-03-07,BKEX,13797.374767,0.0
2021-03-08,BKEX,13797.374767,0.0
2021-03-09,BKEX,13797.374767,0.0
2021-03-10,BKEX,13827.61445,30.239683
2021-03-11,BKEX,13827.61445,0.0
2021-03-12,BKEX,13781.43428,-46.18017
2021-03-13,BKEX,13781.43428,0.0
2021-03-14,BKEX,13781.43428,0.0
2021-03-15,BKEX,4173.233941,-9608.200339
2021-03-16,BKEX,4173.233941,0.0
2021-03-17,BKEX,4124.962992,-48.270949
2021-03-18,BKEX,4124.962992,0.0
2021-03-19,BKEX,4124.962992,0.0
2021-03-20,BKEX,4653.418244,528.455252
2021-03-21,BKEX,4653.418244,0.0
2021-03-22,BKEX,4408.086993,-245.331251
2021-03-23,BKEX,4408.086993,0.0
2021-03-24,BKEX,4408.086993,0.0
2021-03-25,BKEX,3927.366781,-480.720212
2021-03-26,BKEX,3927.366781,0.0
2021-03-27,BKEX,3927.366781,0.0
2021-03-28,BKEX,3927.366781,0.0
2021-03-29,BKEX,3927.366781,0.0
2021-03-30,BKEX,3927.366781,0.0
2021-03-31,BKEX,4065.193338,137.826557
2021-04-01,BKEX,4065.193338,0.0
2021-04-02,BKEX,4065.193338,0.0
2021-04-03,BKEX,4065.193338,0.0
2021-04-04,BKEX,4105.346388,40.15305
2021-04-05,BKEX,4105.346388,0.0
2021-04-06,BKEX,3825.210368,-280.13602
2021-04-07,BKEX,3825.210368,0.0
2021-04-08,BKEX,3825.210368,0.0
2021-04-09,BKEX,3867.071193,41.860825
2021-04-10,BKEX,4219.734422,352.663229
2021-04-11,BKEX,4868.065955,648.331533
2021-04-12,BKEX,4360.938853,-507.127102
2021-04-13,BKEX,4371.485373,10.54652
2021-04-14,BKEX,4371.485373,0.0
2021-04-15,BKEX,4453.442845,81.957472
2021-04-16,BKEX,4423.634769,-29.808076
2021-04-17,BKEX,4419.286057,-4.348712
2021-04-18,BKEX,4419.286057,0.0
2021-04-19,BKEX,4469.116988,49.830931
2021-04-20,BKEX,5333.322841,864.205853
2021-04-21,BKEX,6501.63372,1168.310879
2021-04-22,BKEX,6792.639002,291.005282
2021-04-23,BKEX,6813.172586,20.533584
2021-04-24,BKEX,6801.931332,-11.241254
2021-04-25,BKEX,6801.931332,0.0
2021-04-26,BKEX,7596.192493,794.261161
2021-04-27,BKEX,7596.192493,0.0
2021-04-28,BKEX,7627.789389,31.596896
2021-04-29,BKEX,7627.789389,0.0
2021-04-30,BKEX,7627.789389,0.0
2021-05-01,BKEX,7627.789389,0.0
2021-05-02,BKEX,8355.083198,727.293809
2021-05-03,BKEX,8351.665478,-3.41772
2021-05-04,BKEX,8351.665478,0.0
2021-05-05,BKEX,8351.665478,0.0
2021-05-06,BKEX,8396.242868,44.57739
2021-05-07,BKEX,9013.142077,616.899209
2021-05-08,BKEX,9027.193234,14.051157
2021-05-09,BKEX,9076.288464,49.09523
2021-05-10,BKEX,9749.51561,673.227146
2021-05-11,BKEX,18017.774714,8268.259104
2021-05-12,BKEX,21512.089232,3494.314518
2021-05-13,BKEX,24016.140252,2504.05102
2021-05-14,BKEX,27205.303647,3189.163395
2021-05-15,BKEX,28477.763813,1272.460166
2021-05-16,BKEX,29282.061375,804.297562
2021-05-17,BKEX,29975.436076,693.374701
2021-05-18,BKEX,30499.154157,523.718081
2021-05-19,BKEX,29791.866057,-707.2881
2021-05-20,BKEX,30417.542513,625.676456
2021-05-21,BKEX,30865.621483,448.07897
2021-05-22,BKEX,31055.488734,189.867251
2021-05-23,BKEX,31068.87126,13.382526
2021-05-24,BKEX,31244.76398,175.89272
2021-05-25,BKEX,31527.662509,282.898529
2021-05-26,BKEX,31527.662509,0.0
2021-05-27,BKEX,31581.870017,54.207508
2021-05-28,BKEX,31327.082402,-254.787615
2021-05-29,BKEX,31615.374502,288.2921
2021-05-30,BKEX,31667.971691,52.597189
2021-05-31,BKEX,31667.971691,0.0
2021-06-01,BKEX,31667.971691,0.0
2021-06-02,BKEX,31819.600064,151.628373
2021-06-03,BKEX,31957.486715,137.886651
2021-06-04,BKEX,33725.168387,1767.681672
2021-06-05,BKEX,33789.566937,64.39855
2021-06-06,BKEX,34018.797858,229.230921
2021-06-07,BKEX,34062.375918,43.57806
2021-06-08,BKEX,34062.375918,0.0
2021-06-09,BKEX,34107.947464,45.571546
2021-06-10,BKEX,34173.513499,65.566035
2021-06-11,BKEX,34188.086522,14.573023
2021-06-12,BKEX,34291.042337,102.955815
2021-06-13,BKEX,34291.042337,0.0
2021-06-14,BKEX,34323.273324,32.230987
2021-06-15,BKEX,34569.490805,246.217481
2021-06-16,BKEX,34591.899735,22.40893
2021-06-17,BKEX,34707.630203,115.730468
2021-06-18,BKEX,34723.03419,15.403987
2021-06-19,BKEX,34723.03419,0.0
2021-06-20,BKEX,34723.03419,0.0
2021-06-21,BKEX,34723.03419,0.0
2021-06-22,BKEX,34723.03419,0.0
2021-06-23,BKEX,34758.81807,35.78388
2021-06-24,BKEX,34758.81807,0.0
2021-06-25,BKEX,34958.883336,200.065266
2021-06-26,BKEX,34958.883336,0.0
2021-06-27,BKEX,34958.883336,0.0
2021-06-28,BKEX,34858.869675,-100.013661
2021-06-29,BKEX,34858.869675,0.0
2021-06-30,BKEX,34858.869675,0.0
2021-07-01,BKEX,34858.869675,0.0
2021-07-02,BKEX,34858.869675,0.0
2021-07-03,BKEX,34858.869675,0.0
2021-07-04,BKEX,34858.869675,0.0
2021-07-05,BKEX,35458.394465,599.52479
2021-07-06,BKEX,35458.394465,0.0
2021-07-07,BKEX,35458.394465,0.0
2021-07-08,BKEX,35458.394465,0.0
2021-07-09,BKEX,35458.394465,0.0
2021-07-10,BKEX,35458.394465,0.0
2021-07-11,BKEX,35458.394465,0.0
2021-07-12,BKEX,35659.316119,200.921654
2021-07-13,BKEX,35659.316119,0.0
2021-07-14,BKEX,35689.04173,29.725611
2021-07-15,BKEX,35689.04173,0.0
2021-07-16,BKEX,35689.04173,0.0
2021-07-17,BKEX,35699.492651,10.450921
2021-07-18,BKEX,35716.617364,17.124713
2021-07-19,BKEX,35731.187796,14.570432
2021-07-20,BKEX,35731.187796,0.0
2021-07-21,BKEX,35731.187796,0.0
2021-07-22,BKEX,35731.187796,0.0
2021-07-23,BKEX,35874.62181,143.434014
2021-07-24,BKEX,35874.62181,0.0
2021-07-25,BKEX,35874.62181,0.0
2021-07-26,BKEX,35874.62181,0.0
2021-07-27,BKEX,33497.340001,-2377.281809
2021-07-28,BKEX,33393.141941,-104.19806
2021-07-29,BKEX,33393.141941,0.0
2021-07-30,BKEX,33418.787409,25.645468
2021-07-31,BKEX,33418.787409,0.0
2021-08-01,BKEX,33418.787409,0.0
2021-08-02,BKEX,35937.891669,2519.10426
2021-08-03,BKEX,36010.359265,72.467596
2021-08-04,BKEX,36076.038345,65.67908
2021-08-05,BKEX,36076.038345,0.0
2021-08-06,BKEX,36076.038345,0.0
2021-08-07,BKEX,36052.413405,-23.62494
2021-08-08,BKEX,36052.413405,0.0
2021-08-09,BKEX,36113.416213,61.002808
2021-08-10,BKEX,36538.913167,425.496954
2021-08-11,BKEX,37115.810383,576.897216
2021-08-12,BKEX,37132.094406,16.284023
2021-08-13,BKEX,37160.995186,28.90078
2021-08-14,BKEX,37180.616346,19.62116
2021-08-15,BKEX,37180.616346,0.0
2021-08-16,BKEX,37534.309425,353.693079
2021-08-17,BKEX,36798.032216,-736.277209
2021-08-18,BKEX,34009.360472,-2788.671744
2021-08-19,BKEX,34009.360472,0.0
2021-08-20,BKEX,34009.360472,0.0
2021-08-21,BKEX,34059.584923,50.224451
2021-08-22,BKEX,35398.156596,1338.571673
2021-08-23,BKEX,35477.570576,79.41398
2021-08-24,BKEX,34978.53618,-499.034396
2021-08-25,BKEX,34978.53618,0.0
2021-08-26,BKEX,34978.53618,0.0
2021-08-27,BKEX,35042.044516,63.508336
2021-08-28,BKEX,35042.044516,0.0
2021-08-29,BKEX,35042.044516,0.0
2021-08-30,BKEX,35042.044516,0.0
2021-08-31,BKEX,35155.686971,113.642455
2021-09-01,BKEX,35108.975406,-46.711565
2021-09-02,BKEX,36478.571334,1369.595928
2021-09-03,BKEX,36478.571334,0.0
2021-09-04,BKEX,36469.439076,-9.132258
2021-09-05,BKEX,36754.683676,285.2446
2021-09-06,BKEX,36754.683676,0.0
2021-09-07,BKEX,26790.5958,-9964.087876
2021-09-08,BKEX,26629.480906,-161.114894
2021-09-09,BKEX,26950.328488,320.847582
2021-09-10,BKEX,26968.130388,17.8019
2021-09-11,BKEX,26968.130388,0.0
2021-09-12,BKEX,26968.130388,0.0
2021-09-13,BKEX,26499.044876,-469.085512
2021-09-14,BKEX,26490.978303,-8.066573
2021-09-15,BKEX,30063.423385,3572.445082
2021-09-16,BKEX,34722.780011,4659.356626
2021-09-17,BKEX,26735.763078,-7987.016933
2021-09-18,BKEX,27287.352823,551.589745
2021-09-19,BKEX,27287.352823,0.0
2021-09-20,BKEX,27454.363867,167.011044
2021-09-21,BKEX,27454.363867,0.0
2021-09-22,BKEX,27454.363867,0.0
2021-09-23,BKEX,27533.667041,79.303174
2021-09-24,BKEX,27533.667041,0.0
2021-09-25,BKEX,27533.667041,0.0
2021-09-26,BKEX,27533.667041,0.0
2021-09-27,BKEX,27560.029587,26.362546
2021-09-28,BKEX,27575.415307,15.38572
2021-09-29,BKEX,27575.415307,0.0
2021-09-30,BKEX,29136.074139,1560.658832
2021-10-01,BKEX,29136.074139,0.0
2021-10-02,BKEX,29136.074139,0.0
2021-10-03,BKEX,29136.074139,0.0
2021-10-04,BKEX,29179.202495,43.128356
2021-10-05,BKEX,29360.610549,181.408054
2021-10-06,BKEX,29459.717073,99.106524
2021-10-07,BKEX,29557.083807,97.366734
2021-10-08,BKEX,29557.083807,0.0
2021-10-09,BKEX,29822.01441,264.930603
2021-10-10,BKEX,29891.29544,69.28103
2021-10-11,BKEX,30041.641737,150.346297
2021-10-12,BKEX,32990.158788,2948.517051
2021-10-13,BKEX,33619.98473,629.825942
2021-10-14,BKEX,33754.431359,134.446629
2021-10-15,BKEX,33811.969396,57.538037
2021-10-16,BKEX,33961.467816,149.49842
2021-10-17,BKEX,34005.421183,43.953367
2021-10-18,BKEX,34005.421183,0.0
2021-10-19,BKEX,34022.063693,16.64251
2021-10-20,BKEX,34257.94538,235.881687
2021-10-21,BKEX,34265.730029,7.784649
2021-10-22,BKEX,27853.110902,-6412.619127
2021-10-23,BKEX,28312.632887,459.521985
2021-10-24,BKEX,28372.027564,59.394677
2021-10-25,BKEX,22721.82652,-5650.201044
2021-10-26,BKEX,23408.114867,686.288347
2021-10-27,BKEX,20034.664787,-3373.45008
2021-10-28,BKEX,19570.037607,-464.62718
2021-10-29,BKEX,19855.836906,285.799299
2021-10-30,BKEX,20873.401744,1017.564838
2021-10-31,BKEX,20901.83312,28.431376
2021-11-01,BKEX,21770.054867,868.221747
2021-11-02,BKEX,22828.534709,1058.479842
2021-11-03,BKEX,21062.696735,-1765.837974
2021-11-04,BKEX,21458.095596,395.398861
2021-11-05,BKEX,21557.383514,99.287918
2021-11-06,BKEX,21584.617426,27.233912
2021-11-07,BKEX,22589.957303,1005.339877
2021-11-08,BKEX,23126.073903,536.1166
2021-11-09,BKEX,23416.511016,290.437113
2021-11-10,BKEX,23446.454944,29.943928
2021-11-11,BKEX,23766.587413,320.132469
2021-11-12,BKEX,24454.091954,687.504541
2021-11-13,BKEX,26521.180667,2067.088713
2021-11-14,BKEX,26660.694165,139.513498
2021-11-15,BKEX,26711.538669,50.844504
2021-11-16,BKEX,11767.991191,-14943.547478
2021-11-17,BKEX,12412.655494,644.664303
2021-11-18,BKEX,1116.12639,-11296.529104
2021-11-19,BKEX,1116.12639,0.0
2021-11-20,BKEX,1116.12639,0.0
2021-11-21,BKEX,1116.12639,0.0
2021-11-22,BKEX,1116.12639,0.0
2021-11-23,BKEX,1116.12639,0.0
2021-11-24,BKEX,1116.12639,0.0
2021-11-25,BKEX,1116.12639,0.0
2021-11-26,BKEX,1116.12639,0.0
2021-11-27,BKEX,1116.12639,0.0
2021-11-28,BKEX,1116.12639,0.0
2021-11-29,BKEX,2607.573249,1491.446859
2021-11-30,BKEX,2617.416088,9.842839
2021-12-01,BKEX,2809.062027,191.645939
2021-12-02,BKEX,2893.715169,84.653142
2021-12-03,BKEX,2948.006496,54.291327
2021-12-04,BKEX,3133.267575,185.261079
2021-12-05,BKEX,5508.884173,2375.616598
2021-12-06,BKEX,5593.952701,85.068528
2021-12-07,BKEX,5604.667605,10.714904
2021-12-08,BKEX,5604.667605,0.0
2021-12-09,BKEX,5590.067909,-14.599696
2021-12-10,BKEX,5593.412002,3.344093
2021-12-11,BKEX,5593.412002,0.0
2021-12-12,BKEX,9020.556303,3427.144301
2021-12-13,BKEX,9122.640963,102.08466
2021-12-14,BKEX,10053.958419,931.317456
2021-12-15,BKEX,10282.419311,228.460892
2021-12-16,BKEX,10269.196285,-13.223026
2021-12-17,BKEX,10391.011282,121.814997
2021-12-18,BKEX,10701.625354,310.614072
2021-12-19,BKEX,10701.625354,0.0
2021-12-20,BKEX,11112.219964,410.59461
2021-12-21,BKEX,11128.039836,15.819872
2021-12-22,BKEX,11435.373472,307.333636
2021-12-23,BKEX,11172.151613,-263.221859
2021-12-24,BKEX,11246.111633,73.96002
2021-12-25,BKEX,11982.648569,736.536936
2021-12-26,BKEX,12023.668691,41.020122
2021-12-27,BKEX,11747.618443,-276.050248
2021-12-28,BKEX,12068.71457,321.096127
2021-12-29,BKEX,11993.41955,-75.29502
2021-12-30,BKEX,12167.647506,174.227956
2021-12-31,BKEX,12296.626755,128.979249
2022-01-01,BKEX,12710.722857,414.096102
2022-01-02,BKEX,12891.537347,180.81449
2022-01-03,BKEX,12961.869513,70.332166
2022-01-04,BKEX,13245.59942,283.729907
2022-01-05,BKEX,13198.785107,-46.814313
2022-01-06,BKEX,14310.255642,1111.470535
2022-01-07,BKEX,14019.24916,-291.006482
2022-01-08,BKEX,15552.88243,1533.63327
2022-01-09,BKEX,15552.88243,0.0
2022-01-10,BKEX,15552.88243,0.0
2022-01-11,BKEX,16304.386847,751.504417
2022-01-12,BKEX,16351.374967,46.98812
2022-01-13,BKEX,15675.360609,-676.014358
2022-01-14,BKEX,15675.360609,0.0
2022-01-15,BKEX,15243.010724,-432.349885
2022-01-16,BKEX,15243.010724,0.0
2022-01-17,BKEX,15243.010724,0.0
2022-01-18,BKEX,14093.725978,-1149.284746
2022-01-19,BKEX,14113.968468,20.24249
2022-01-20,BKEX,14109.853061,-4.115407
2022-01-21,BKEX,13755.146995,-354.706066
2022-01-22,BKEX,13899.314445,144.16745
2022-01-23,BKEX,13875.131314,-24.183131
2022-01-24,BKEX,13654.166214,-220.9651
2022-01-25,BKEX,13969.539368,315.373154
2022-01-26,BKEX,13776.787482,-192.751886
2022-01-27,BKEX,13798.683966,21.896484
2022-01-28,BKEX,13744.95987,-53.724096
2022-01-29,BKEX,13958.912712,213.952842
2022-01-30,BKEX,13958.912712,0.0
2022-01-31,BKEX,14058.121686,99.208974
2022-02-01,BKEX,14058.121686,0.0
2022-02-02,BKEX,14058.121686,0.0
2022-02-03,BKEX,14112.594258,54.472572
2022-02-04,BKEX,14245.790142,133.195884
2022-02-05,BKEX,14245.790142,0.0
2022-02-06,BKEX,14245.790142,0.0
2022-02-07,BKEX,14849.844972,604.05483
2022-02-08,BKEX,14997.449996,147.605024
2022-02-09,BKEX,14949.76647,-47.683526
2022-02-10,BKEX,14949.76647,0.0
2022-02-11,BKEX,15856.794127,907.027657
2022-02-12,BKEX,15911.881471,55.087344
2022-02-13,BKEX,16287.523753,375.642282
2022-02-14,BKEX,16356.555484,69.031731
2022-02-15,BKEX,16394.439072,37.883588
2022-02-16,BKEX,16279.3734,-115.065672
2022-02-17,BKEX,17028.072632,748.699232
2022-02-18,BKEX,17558.112089,530.039457
2022-02-19,BKEX,17543.457133,-14.654956
2022-02-20,BKEX,17657.865676,114.408543
2022-02-21,BKEX,17553.075345,-104.790331
2022-02-22,BKEX,17553.075345,0.0
2022-02-23,BKEX,18837.632123,1284.556778
2022-02-24,BKEX,19239.174004,401.541881
2022-02-25,BKEX,19239.174004,0.0
2022-02-26,BKEX,19355.146369,115.972365
2022-02-27,BKEX,19355.146369,0.0
2022-02-28,BKEX,19203.59408,-151.552289
2022-03-01,BKEX,19203.59408,0.0
2022-03-02,BKEX,19203.59408,0.0
2022-03-03,BKEX,19203.59408,0.0
2022-03-04,BKEX,19203.59408,0.0
2022-03-05,BKEX,19203.59408,0.0
2022-03-06,BKEX,19203.59408,0.0
2022-03-07,BKEX,19203.59408,0.0
2022-03-08,BKEX,19203.59408,0.0
2022-03-09,BKEX,19203.59408,0.0
2022-03-10,BKEX,19203.59408,0.0
2022-03-11,BKEX,19203.59408,0.0
2022-03-12,BKEX,19203.59408,0.0
2022-03-13,BKEX,19203.59408,0.0
2022-03-14,BKEX,19203.59408,0.0
2022-03-15,BKEX,19203.59408,0.0
2022-03-16,BKEX,19203.59408,0.0
2022-03-17,BKEX,19203.59408,0.0
2022-03-18,BKEX,19203.59408,0.0
2022-03-19,BKEX,19203.59408,0.0
2022-03-20,BKEX,19203.59408,0.0
2022-03-21,BKEX,19203.59408,0.0
2022-03-22,BKEX,19203.59408,0.0
2022-03-23,BKEX,18503.160508,-700.433572
2022-03-24,BKEX,18503.174927,0.014419
2022-03-25,BKEX,18503.206765,0.031838
2022-03-26,BKEX,18503.222184,0.015419
2022-03-27,BKEX,18503.222184,0.0
2022-03-28,BKEX,14398.043424,-4105.17876
2022-03-29,BKEX,14398.046738,0.003314
2022-03-30,BKEX,14260.372552,-137.674186
2022-03-31,BKEX,14260.372552,0.0
2022-04-01,BKEX,14260.372552,0.0
2022-04-02,BKEX,14260.372552,0.0
2022-04-03,BKEX,14260.372552,0.0
2022-04-04,BKEX,14260.372552,0.0
2022-04-05,BKEX,14260.372552,0.0
2022-04-06,BKEX,14260.372552,0.0
2022-04-07,BKEX,14260.372552,0.0
2022-04-08,BKEX,14260.372552,0.0
2022-04-09,BKEX,14260.372552,0.0
2022-04-10,BKEX,14260.372552,0.0
2022-04-11,BKEX,14260.372552,0.0
2022-04-12,BKEX,14260.372552,0.0
2022-04-13,BKEX,14234.44575,-25.926802
2022-04-14,BKEX,14214.52005,-19.9257
2022-04-15,BKEX,14141.50168,-73.01837
2022-04-16,BKEX,14141.50168,0.0
2022-04-17,BKEX,14141.50168,0.0
2022-04-18,BKEX,14141.50168,0.0
2022-04-19,BKEX,14141.50168,0.0
2022-04-20,BKEX,14141.50168,0.0
2022-04-21,BKEX,14096.589321,-44.912359
2022-04-22,BKEX,14096.589321,0.0
2022-04-23,BKEX,14096.626357,0.037036
2022-04-24,BKEX,3402.348614,-10694.277743
2022-04-25,BKEX,2965.342742,-437.005872
2022-04-26,BKEX,2453.888323,-511.454419
2022-04-27,BKEX,2453.888323,0.0
2022-04-28,BKEX,2453.892803,0.00448
2022-04-29,BKEX,2453.894543,0.00174
2022-04-30,BKEX,2177.073083,-276.82146
2022-05-01,BKEX,2177.073083,0.0
2022-05-02,BKEX,1768.171769,-408.901314
2022-05-03,BKEX,1768.171769,0.0
2022-05-04,BKEX,1768.172821,0.001052
2022-05-05,BKEX,1768.171873,-0.000948
2022-05-06,BKEX,1768.171873,0.0
2022-05-07,BKEX,1768.171873,0.0
2022-05-08,BKEX,1768.171873,0.0
2022-05-09,BKEX,1653.230677,-114.941196
2022-05-10,BKEX,1107.017915,-546.212762
2022-05-11,BKEX,1107.016961,-0.000954
2022-05-12,BKEX,1107.016961,0.0
2022-05-13,BKEX,15827.033782,14720.016821
2022-05-14,BKEX,15827.059268,0.025486
2022-05-15,BKEX,15856.182489,29.123221
2022-05-16,BKEX,14963.710658,-892.471831
2022-05-17,BKEX,14947.636058,-16.0746
2022-05-18,BKEX,14947.636058,0.0
2022-05-19,BKEX,14908.691658,-38.9444
2022-05-20,BKEX,14576.320658,-332.371
2022-05-21,BKEX,14553.281958,-23.0387
2022-05-22,BKEX,14529.978776,-23.303182
2022-05-23,BKEX,12887.354576,-1642.6242
2022-05-24,BKEX,12887.354576,0.0
2022-05-25,BKEX,12832.610126,-54.74445
2022-05-26,BKEX,6161.890126,-6670.72
2022-05-27,BKEX,6129.173826,-32.7163
2022-05-28,BKEX,5470.597326,-658.5765
2022-05-29,BKEX,5210.966626,-259.6307
2022-05-30,BKEX,5210.966626,0.0
2022-05-31,BKEX,4701.147626,-509.819
2022-06-01,BKEX,4271.345726,-429.8019
2022-06-02,BKEX,4271.345726,0.0
2022-06-03,BKEX,4271.345726,0.0
2022-06-04,BKEX,4271.344726,-0.001
2022-06-05,BKEX,4271.343726,-0.001
2022-06-06,BKEX,4271.343726,0.0
2022-06-07,BKEX,4271.343726,0.0
2022-06-08,BKEX,4235.868537,-35.475189
2022-06-09,BKEX,2158.835387,-2077.03315
2022-06-10,BKEX,1649.468987,-509.3664
2022-06-11,BKEX,1649.468987,0.0
2022-06-12,BKEX,1649.468987,0.0
2022-06-13,BKEX,1649.468987,0.0
2022-06-14,BKEX,1554.467987,-95.001
2022-06-15,BKEX,1554.466987,-0.001
2022-06-16,BKEX,1456.286487,-98.1805
2022-06-17,BKEX,1419.559687,-36.7268
2022-06-18,BKEX,1419.559687,0.0
2022-06-19,BKEX,1343.567487,-75.9922
2022-06-20,BKEX,1343.567487,0.0
2022-06-21,BKEX,1343.567487,0.0
2022-06-22,BKEX,1277.282287,-66.2852
2022-06-23,BKEX,1277.282287,0.0
2022-06-24,BKEX,1277.282287,0.0
2022-06-25,BKEX,1277.282287,0.0
2022-06-26,BKEX,5812.781157,4535.49887
2022-06-27,BKEX,5812.781157,0.0
2022-06-28,BKEX,5757.085957,-55.6952
2022-06-29,BKEX,5757.085957,0.0
2022-06-30,BKEX,5757.085957,0.0
2022-07-01,BKEX,5698.529157,-58.5568
2022-07-02,BKEX,5698.529157,0.0
2022-07-03,BKEX,5698.529157,0.0
2022-07-04,BKEX,5698.529157,0.0
2022-07-05,BKEX,5698.529157,0.0
2022-07-06,BKEX,5605.095657,-93.4335
2022-07-07,BKEX,5605.095657,0.0
2022-07-08,BKEX,5605.095657,0.0
2022-07-09,BKEX,5575.164657,-29.931
2022-07-10,BKEX,5575.164657,0.0
2022-07-11,BKEX,5544.602722,-30.561935
2022-07-12,BKEX,5544.602722,0.0
2022-07-13,BKEX,5544.602722,0.0
2022-07-14,BKEX,4843.203422,-701.3993
2022-07-15,BKEX,4843.203422,0.0
2022-07-16,BKEX,4843.202422,-0.001
2022-07-17,BKEX,4843.202422,0.0
2022-07-18,BKEX,4814.170422,-29.032
2022-07-19,BKEX,4814.170422,0.0
2022-07-20,BKEX,4814.170422,0.0
2022-07-21,BKEX,4716.281722,-97.8887
2022-07-22,BKEX,4716.281722,0.0
2022-07-23,BKEX,4716.281722,0.0
2022-07-24,BKEX,4655.208622,-61.0731
2022-07-25,BKEX,4612.652922,-42.5557
2022-07-26,BKEX,4612.652922,0.0
2022-07-27,BKEX,4612.652922,0.0
2022-07-28,BKEX,4556.274922,-56.378
2022-07-29,BKEX,4556.274922,0.0
2022-07-30,BKEX,4527.487722,-28.7872
2022-07-31,BKEX,4464.001022,-63.4867
2022-08-01,BKEX,4437.064022,-26.937
2022-08-02,BKEX,4282.302722,-154.7613
2022-08-03,BKEX,4171.199522,-111.1032
2022-08-04,BKEX,4171.198522,-0.001
2022-08-05,BKEX,4140.268522,-30.93
2022-08-06,BKEX,3938.096922,-202.1716
2022-08-07,BKEX,35792.38489,31854.287968
2022-08-08,BKEX,3859.16201,-31933.22288
2022-08-09,BKEX,3830.13001,-29.032
2022-08-10,BKEX,3709.566051,-120.563959
2022-08-11,BKEX,3709.566051,0.0
2022-08-12,BKEX,3709.566051,0.0
2022-08-13,BKEX,3829.088712,119.522661
2022-08-14,BKEX,3829.088712,0.0
2022-08-15,BKEX,3787.962912,-41.1258
2022-08-16,BKEX,3746.080512,-41.8824
2022-08-17,BKEX,3746.079512,-0.001
2022-08-18,BKEX,3716.148512,-29.931
2022-08-19,BKEX,3542.430412,-173.7181
2022-08-20,BKEX,3542.430412,0.0
2022-08-21,BKEX,3542.430412,0.0
2022-08-22,BKEX,3434.307412,-108.123
2022-08-23,BKEX,3347.502212,-86.8052
2022-08-24,BKEX,3314.779612,-32.7226
2022-08-25,BKEX,3314.779612,0.0
2022-08-26,BKEX,3314.779612,0.0
2022-08-27,BKEX,3253.732212,-61.0474
2022-08-28,BKEX,3253.732212,0.0
2022-08-29,BKEX,3253.731212,-0.001
2022-08-30,BKEX,3253.731212,0.0
2022-08-31,BKEX,3253.731212,0.0
2022-09-01,BKEX,3253.731212,0.0
2022-09-02,BKEX,3253.731212,0.0
2022-09-03,BKEX,3229.530118,-24.201094
2022-09-04,BKEX,3229.529118,-0.001
2022-09-05,BKEX,3229.529118,0.0
2022-09-06,BKEX,1587.002118,-1642.527
2022-09-07,BKEX,1510.578518,-76.4236
2022-09-08,BKEX,1510.578518,0.0
2022-09-09,BKEX,1510.578518,0.0
2022-09-10,BKEX,1510.578518,0.0
2022-09-11,BKEX,1510.578518,0.0
2022-09-12,BKEX,1510.578518,0.0
2022-09-13,BKEX,1510.578518,0.0
2022-09-14,BKEX,1510.578518,0.0
2022-09-15,BKEX,1510.578518,0.0
2022-09-16,BKEX,1510.578518,0.0
2022-09-17,BKEX,1510.578518,0.0
2022-09-18,BKEX,1368.901218,-141.6773
2022-09-19,BKEX,1338.789918,-30.1113
2022-09-20,BKEX,3794.16341,2455.373492
2022-09-21,BKEX,3757.64981,-36.5136
2022-09-22,BKEX,3757.64981,0.0
2022-09-23,BKEX,3757.64981,0.0
2022-09-24,BKEX,3757.64981,0.0
2022-09-25,BKEX,3757.64981,0.0
2022-09-26,BKEX,3737.84781,-19.802
2022-09-27,BKEX,3737.84781,0.0
2022-09-28,BKEX,3737.84781,0.0
2022-09-29,BKEX,2534.13761,-1203.7102
2022-09-30,BKEX,3993.080669,1458.943059
2022-10-01,BKEX,3568.308369,-424.7723
2022-10-02,BKEX,3568.308369,0.0
2022-10-03,BKEX,3532.877769,-35.4306
2022-10-04,BKEX,3532.877769,0.0
2022-10-05,BKEX,1844.565269,-1688.3125
2022-10-06,BKEX,1844.565269,0.0
2022-10-07,BKEX,1641.734688,-202.830581
2022-10-08,BKEX,1611.259088,-30.4756
2022-10-09,BKEX,1611.259088,0.0
2022-10-10,BKEX,527.629188,-1083.6299
2022-10-11,BKEX,527.629188,0.0
2022-10-12,BKEX,373.946188,-153.683
2022-10-13,BKEX,373.946188,0.0
2022-10-14,BKEX,373.946188,0.0
2022-10-15,BKEX,373.946188,0.0
2022-10-16,BKEX,373.946188,0.0
2022-10-17,BKEX,373.946188,0.0
2022-10-18,BKEX,373.946188,0.0
2022-10-19,BKEX,3686.254688,3312.3085
2022-10-20,BKEX,3686.254688,0.0
2022-10-21,BKEX,3653.202788,-33.0519
2022-10-22,BKEX,3653.202788,0.0
2022-10-23,BKEX,3653.202788,0.0
2022-10-24,BKEX,3653.202788,0.0
2022-10-25,BKEX,3653.202788,0.0
2022-10-26,BKEX,3653.20279,2e-06
2022-10-27,BKEX,3653.20279,0.0
2022-10-28,BKEX,3653.20279,0.0
2022-10-29,BKEX,3653.20279,0.0
2022-10-30,BKEX,3653.20279,0.0
2022-10-31,BKEX,3653.20179,-0.001
2022-11-01,BKEX,3653.20179,0.0
2022-11-02,BKEX,2595.959942,-1057.241848
2022-11-03,BKEX,2555.843342,-40.1166
2022-11-04,BKEX,2340.726542,-215.1168
2022-11-05,BKEX,2333.709642,-7.0169
2022-11-06,BKEX,2333.709642,0.0
2022-11-07,BKEX,1893.708642,-440.001
2022-11-08,BKEX,1379.989042,-513.7196
2022-11-09,BKEX,1379.989042,0.0
2022-11-10,BKEX,1379.988042,-0.001
2022-11-11,BKEX,1325.675742,-54.3123
2022-11-12,BKEX,1325.674742,-0.001
2022-11-13,BKEX,1217.651769,-108.022973
2022-11-14,BKEX,1212.650769,-5.001
2022-11-15,BKEX,1211.649769,-1.001
2022-11-16,BKEX,918.207369,-293.4424
2022-11-17,BKEX,918.207369,0.0
2022-11-18,BKEX,918.207369,0.0
2022-11-19,BKEX,3360.14183,2441.934461
2022-11-20,BKEX,3360.14183,0.0
2022-11-21,BKEX,2002.86963,-1357.2722
2022-11-22,BKEX,951.58513,-1051.2845
2022-11-23,BKEX,71.81313,-879.772
2022-11-24,BKEX,3301.33663,3229.5235
2022-11-25,BKEX,3261.93153,-39.4051
2022-11-26,BKEX,3261.93153,0.0
2022-11-27,BKEX,3261.93153,0.0
2022-11-28,BKEX,3261.93153,0.0
2022-11-29,BKEX,3211.31603,-50.6155
2022-11-30,BKEX,3211.31603,0.0
2022-12-01,BKEX,2941.78013,-269.5359
2022-12-02,BKEX,2941.78013,0.0
2022-12-03,BKEX,2287.74033,-654.0398
2022-12-04,BKEX,2186.49273,-101.2476
2022-12-05,BKEX,2186.49273,0.0
2022-12-06,BKEX,2186.49273,0.0
2022-12-07,BKEX,2186.49273,0.0
2022-12-08,BKEX,2186.49273,0.0
2022-12-09,BKEX,2186.49273,0.0
2022-12-10,BKEX,2186.49173,-0.001
2022-12-11,BKEX,2186.49173,0.0
2022-12-12,BKEX,2083.24693,-103.2448
2022-12-13,BKEX,2031.63723,-51.6097
2022-12-14,BKEX,2031.63723,0.0
2022-12-15,BKEX,2031.63723,0.0
2022-12-16,BKEX,2031.63723,0.0
2022-12-17,BKEX,1587.98533,-443.6519
2022-12-18,BKEX,1585.60533,-2.38
2022-12-19,BKEX,1585.60533,0.0
2022-12-20,BKEX,1585.60533,0.0
2022-12-21,BKEX,1585.60533,0.0
2022-12-22,BKEX,952.964567,-632.640763
2022-12-23,BKEX,4450.945867,3497.9813
2022-12-24,BKEX,4388.593767,-62.3521
2022-12-25,BKEX,10148.164667,5759.5709
2022-12-26,BKEX,7804.02927,-2344.135397
2022-12-27,BKEX,7804.02827,-0.001
2022-12-28,BKEX,7804.02827,0.0
2022-12-29,BKEX,7804.02827,0.0
2022-12-30,BKEX,7182.94797,-621.0803
2022-12-31,BKEX,7182.94797,0.0
2023-01-01,BKEX,7182.94797,0.0
2023-01-02,BKEX,3864.40817,-3318.5398
2023-01-03,BKEX,3864.40817,0.0
2023-01-04,BKEX,3864.40817,0.0
2023-01-05,BKEX,3834.39717,-30.011
2023-01-06,BKEX,3784.13837,-50.2588
2023-01-07,BKEX,3784.13837,0.0
2023-01-08,BKEX,3784.13837,0.0
2023-01-09,BKEX,3776.69537,-7.443
2023-01-10,BKEX,3776.69537,0.0
2023-01-11,BKEX,3776.69537,0.0
2023-01-12,BKEX,3776.69537,0.0
2023-01-13,BKEX,3776.69537,0.0
2023-01-14,BKEX,3776.69537,0.0
2023-01-15,BKEX,3776.69537,0.0
2023-01-16,BKEX,3776.69537,0.0
2023-01-17,BKEX,3776.69537,0.0
2023-01-18,BKEX,3776.69537,0.0
2023-01-19,BKEX,3776.69537,0.0
2023-01-20,BKEX,3608.93787,-167.7575
2023-01-21,BKEX,3608.93787,0.0
2023-01-22,BKEX,3156.07267,-452.8652
2023-01-23,BKEX,3156.07267,0.0
2023-01-24,BKEX,3120.73867,-35.334
2023-01-25,BKEX,3063.70867,-57.03
2023-01-26,BKEX,3055.17767,-8.531
2023-01-27,BKEX,604.286599,-2450.891071
2023-01-28,BKEX,1683.049699,1078.7631
2023-01-29,BKEX,1683.049699,0.0
2023-01-30,BKEX,1672.048699,-11.001
2023-01-31,BKEX,1672.048699,0.0
2023-02-01,BKEX,1672.048699,0.0
2023-02-02,BKEX,1544.089299,-127.9594
2023-02-03,BKEX,1544.089299,0.0
2023-02-04,BKEX,1544.089299,0.0
2023-02-05,BKEX,1544.089299,0.0
2023-02-06,BKEX,1544.089299,0.0
2023-02-07,BKEX,1544.089299,0.0
2023-02-08,BKEX,1544.089299,0.0
2023-02-09,BKEX,1490.135699,-53.9536
2023-02-10,BKEX,1490.133699,-0.002
2023-02-11,BKEX,1188.317799,-301.8159
2023-02-12,BKEX,1674.516299,486.1985
2023-02-13,BKEX,1300.458919,-374.05738
2023-02-14,BKEX,1226.884219,-73.5747
2023-02-15,BKEX,7911.172719,6684.2885
2023-02-16,BKEX,7911.172719,0.0
2023-02-17,BKEX,7911.171719,-0.001
2023-02-18,BKEX,7911.169719,-0.002
2023-02-19,BKEX,7911.167719,-0.002
2023-02-20,BKEX,7911.166719,-0.001
2023-02-21,BKEX,7905.635719,-5.531
2023-02-22,BKEX,6912.634719,-993.001
2023-02-23,BKEX,6912.634719,0.0
2023-02-24,BKEX,6887.733719,-24.901
2023-02-25,BKEX,6887.733719,0.0
2023-02-26,BKEX,6887.733719,0.0
2023-02-27,BKEX,4723.083619,-2164.6501
2023-02-28,BKEX,4681.097219,-41.9864
2023-03-01,BKEX,4681.097219,0.0
2023-03-02,BKEX,4681.097219,0.0
2023-03-03,BKEX,4681.097219,0.0
2023-03-04,BKEX,3773.609819,-907.4874
2023-03-05,BKEX,3704.027019,-69.5828
2023-03-06,BKEX,1015.947819,-2688.0792
2023-03-07,BKEX,1015.947819,0.0
2023-03-08,BKEX,968.074519,-47.8733
2023-03-09,BKEX,968.074519,0.0
2023-03-10,BKEX,968.074519,0.0
2023-03-11,BKEX,894.776519,-73.298
2023-03-12,BKEX,894.776519,0.0
2023-03-13,BKEX,894.776519,0.0
2023-03-14,BKEX,9047.788057,8153.011538
2023-03-15,BKEX,8954.777957,-93.0101
2023-03-16,BKEX,8954.777957,0.0
2023-03-17,BKEX,8954.777957,0.0
2023-03-18,BKEX,8954.777957,0.0
2023-03-19,BKEX,8954.777957,0.0
2023-03-20,BKEX,8954.777957,0.0
2023-03-21,BKEX,8954.777957,0.0
2023-03-22,BKEX,8954.777957,0.0
2023-03-23,BKEX,7731.448657,-1223.3293
2023-03-24,BKEX,4056.024227,-3675.42443
2023-03-25,BKEX,4056.024227,0.0
2023-03-26,BKEX,4009.951827,-46.0724
2023-03-27,BKEX,4009.950827,-0.001
2023-03-28,BKEX,4009.950827,0.0
2023-03-29,BKEX,4009.950827,0.0
2023-03-30,BKEX,4009.949827,-0.001
2023-03-31,BKEX,4009.949827,0.0
2023-04-01,BKEX,4009.949827,0.0
2023-04-02,BKEX,4009.949827,0.0
2023-04-03,BKEX,4009.949827,0.0
2023-04-04,BKEX,4009.949827,0.0
2023-04-05,BKEX,3757.669827,-252.28
2023-04-06,BKEX,3757.669827,0.0
2023-04-07,BKEX,3757.669827,0.0
2023-04-08,BKEX,3757.669827,0.0
2023-04-09,BKEX,3757.669827,0.0
2023-04-10,BKEX,3611.395827,-146.274
2023-04-11,BKEX,3516.856927,-94.5389
2023-04-12,BKEX,2671.681927,-845.175
2023-04-13,BKEX,2588.628927,-83.053
2023-04-14,BKEX,2588.628927,0.0
2023-04-15,BKEX,2588.627927,-0.001
2023-04-16,BKEX,2588.627927,0.0
2023-04-17,BKEX,2588.627927,0.0
2023-04-18,BKEX,2588.627927,0.0
2023-04-19,BKEX,2588.626927,-0.001
2023-04-20,BKEX,2588.625927,-0.001
2023-04-21,BKEX,2588.625927,0.0
2023-04-22,BKEX,2588.624927,-0.001
2023-04-23,BKEX,2588.624927,0.0
2023-04-24,BKEX,2588.622927,-0.002
2023-04-25,BKEX,2588.621927,-0.001
2023-04-26,BKEX,2588.621927,0.0
2023-04-27,BKEX,2588.621927,0.0
2023-04-28,BKEX,2588.621927,0.0
2023-04-29,BKEX,2588.621927,0.0
2023-04-30,BKEX,2588.621927,0.0
2023-05-01,BKEX,2588.621927,0.0
2023-05-02,BKEX,2588.621927,0.0
2023-05-03,BKEX,2588.621927,0.0
2023-05-04,BKEX,2323.989227,-264.6327
2023-05-05,BKEX,2323.989227,0.0
2023-05-06,BKEX,2323.989227,0.0
2023-05-07,BKEX,2323.988227,-0.001
2023-05-08,BKEX,2323.988227,0.0
2023-05-09,BKEX,2323.988227,0.0
2023-05-10,BKEX,2323.988227,0.0
2023-05-11,BKEX,2298.026227,-25.962
2023-05-12,BKEX,2298.026227,0.0
2023-05-13,BKEX,2298.026227,0.0
2023-05-14,BKEX,2096.437727,-201.5885
2023-05-15,BKEX,2096.437727,0.0
2023-05-16,BKEX,2096.436727,-0.001
2023-05-17,BKEX,2096.436727,0.0
2023-05-18,BKEX,2096.436727,0.0
2023-05-19,BKEX,2096.436727,0.0
2023-05-20,BKEX,1147.689127,-948.7476
2023-05-21,BKEX,1147.689127,0.0
2023-05-22,BKEX,1147.689127,0.0
2023-05-23,BKEX,1147.689127,0.0
2023-05-24,BKEX,1147.687127,-0.002
2023-05-25,BKEX,1147.687127,0.0
2023-05-26,BKEX,1147.687127,0.0
2023-05-27,BKEX,771.845927,-375.8412
2023-05-28,BKEX,771.845927,0.0
2023-05-29,BKEX,771.845927,0.0
2023-05-30,BKEX,35490.044325,34718.198398
2023-05-31,BKEX,35490.044325,0.0
2023-06-01,BKEX,35490.044325,0.0
2023-06-02,BKEX,35490.044325,0.0
2023-06-03,BKEX,35490.044325,0.0
2023-06-04,BKEX,35490.044325,0.0
2023-06-05,BKEX,35490.044325,0.0
2023-06-06,BKEX,35490.044325,0.0
2023-06-07,BKEX,35490.044325,0.0
2023-06-08,BKEX,35490.044325,0.0
2023-06-09,BKEX,35490.044325,0.0
2023-06-10,BKEX,35490.044325,0.0
2023-06-11,BKEX,35490.044325,0.0
2023-06-12,BKEX,35490.044325,0.0
2023-06-13,BKEX,35490.044325,0.0
2023-06-14,BKEX,35490.044325,0.0
2023-06-15,BKEX,35490.044325,0.0
2023-06-16,BKEX,35490.044325,0.0
2023-06-17,BKEX,35490.044325,0.0
2023-06-18,BKEX,35490.044325,0.0
2023-06-19,BKEX,35490.044325,0.0
2023-06-20,BKEX,35490.044325,0.0
2023-06-21,BKEX,35490.044325,0.0
2023-06-22,BKEX,35490.044325,0.0
2023-06-23,BKEX,35490.044325,0.0
2023-06-24,BKEX,35490.044325,0.0
2023-06-25,BKEX,35490.044325,0.0
2023-06-26,BKEX,35490.044325,0.0
2023-06-27,BKEX,35490.044325,0.0
2023-06-28,BKEX,35490.044325,0.0
2023-06-29,BKEX,35490.044325,0.0
2023-06-30,BKEX,35490.044325,0.0
2023-07-01,BKEX,35490.044325,0.0
2023-07-02,BKEX,35490.044325,0.0
2023-07-03,BKEX,35490.044325,0.0
2023-07-04,BKEX,35490.044325,0.0
2023-07-05,BKEX,35490.044325,0.0
2023-07-06,BKEX,35490.044325,0.0
2023-07-07,BKEX,35490.044325,0.0
2023-07-08,BKEX,35490.044325,0.0
2023-07-09,BKEX,35490.044325,0.0
2023-07-10,BKEX,35490.044325,0.0
2023-07-11,BKEX,35490.044325,0.0
2023-07-12,BKEX,35490.044325,0.0
2023-07-13,BKEX,35490.044325,0.0
2023-07-14,BKEX,35490.044325,0.0
2023-07-15,BKEX,35490.044325,0.0
2023-07-16,BKEX,35490.044325,0.0
2023-07-17,BKEX,35490.044325,0.0
2023-07-18,BKEX,35490.044325,0.0
2023-07-19,BKEX,35490.044325,0.0
2023-07-20,BKEX,35490.044325,0.0
2023-07-21,BKEX,35490.044325,0.0
2023-07-22,BKEX,35490.044325,0.0
2023-07-23,BKEX,35490.044325,0.0
2023-07-24,BKEX,35490.044325,0.0
2023-07-25,BKEX,35490.044325,0.0
2023-07-26,BKEX,35490.044325,0.0
2023-07-27,BKEX,35490.044325,0.0
2023-07-28,BKEX,35490.044325,0.0
2023-07-29,BKEX,35490.044325,0.0
2023-07-30,BKEX,35490.044325,0.0
2023-07-31,BKEX,35490.044325,0.0
2023-08-01,BKEX,35490.044325,0.0
2023-08-02,BKEX,35490.044325,0.0
2023-08-03,BKEX,35490.044325,0.0
2023-08-04,BKEX,35490.044325,0.0
2023-08-05,BKEX,35490.044325,0.0
2023-08-06,BKEX,35490.044325,0.0
2023-08-07,BKEX,35490.044325,0.0
2023-08-08,BKEX,35490.044325,0.0
2023-08-09,BKEX,35490.044325,0.0
2023-08-10,BKEX,35490.044325,0.0
2023-08-11,BKEX,35490.044325,0.0
2023-08-12,BKEX,35490.044325,0.0
2023-08-13,BKEX,35490.044325,0.0
2023-08-14,BKEX,35490.044325,0.0
2023-08-15,BKEX,35490.044325,0.0
2023-08-16,BKEX,35490.044325,0.0
2023-08-17,BKEX,35490.044325,0.0
2023-08-18,BKEX,35490.044325,0.0
2023-08-19,BKEX,35490.044325,0.0
2023-08-20,BKEX,35490.044325,0.0
2023-08-21,BKEX,35490.044325,0.0
2023-08-22,BKEX,35490.044325,0.0
2023-08-23,BKEX,35490.044325,0.0
2023-08-24,BKEX,35490.044325,0.0
2023-08-25,BKEX,35490.044325,0.0
2023-08-26,BKEX,35490.044325,0.0
2023-08-27,BKEX,35490.044325,0.0
2023-08-28,BKEX,35490.044325,0.0
2023-08-29,BKEX,35490.044325,0.0
2023-08-30,BKEX,35490.044325,0.0
2023-08-31,BKEX,35490.044325,0.0
2023-09-01,BKEX,35490.044325,0.0
2023-09-02,BKEX,35490.044325,0.0
2023-09-03,BKEX,35490.044325,0.0
2023-09-04,BKEX,35490.044325,0.0
2023-09-05,BKEX,35490.044325,0.0
2023-09-06,BKEX,35490.044325,0.0
2023-09-07,BKEX,35490.044325,0.0
2023-09-08,BKEX,35490.044325,0.0
2023-09-09,BKEX,35490.044325,0.0
2023-09-10,BKEX,35490.044325,0.0
2023-09-11,BKEX,35490.044325,0.0
2023-09-12,BKEX,35490.044325,0.0
2023-09-13,BKEX,35490.044325,0.0
2023-09-14,BKEX,35490.044325,0.0
2023-09-15,BKEX,35490.044325,0.0
2023-09-16,BKEX,35490.044325,0.0
2023-09-17,BKEX,35490.044325,0.0
2023-09-18,BKEX,35490.044325,0.0
2023-09-19,BKEX,35490.044325,0.0
2023-09-20,BKEX,35490.044325,0.0
2023-09-21,BKEX,35490.044325,0.0
2023-09-22,BKEX,35490.044325,0.0
2023-09-23,BKEX,35490.044325,0.0
2023-09-24,BKEX,35490.044325,0.0
2023-09-25,BKEX,35490.044325,0.0
2023-09-26,BKEX,35490.044325,0.0
2023-09-27,BKEX,35490.044325,0.0
2023-09-28,BKEX,35490.044325,0.0
2023-09-29,BKEX,35490.044325,0.0
2023-09-30,BKEX,35490.044325,0.0
2023-10-01,BKEX,35490.044325,0.0
2023-10-02,BKEX,35490.044325,0.0
2023-10-03,BKEX,35490.044325,0.0
2023-10-04,BKEX,35490.044325,0.0
2023-10-05,BKEX,35490.044325,0.0
2023-10-06,BKEX,35490.044325,0.0
2023-10-07,BKEX,35490.044325,0.0
2023-10-08,BKEX,35490.044325,0.0
2023-10-09,BKEX,35490.044325,0.0
2023-10-10,BKEX,35490.044325,0.0
2023-10-11,BKEX,35490.044325,0.0
2023-10-12,BKEX,35490.044325,0.0
2023-10-13,BKEX,35490.044325,0.0
2023-10-14,BKEX,35490.044325,0.0
2023-10-15,BKEX,35490.044325,0.0
2023-10-16,BKEX,35490.044325,0.0
2023-10-17,BKEX,35490.044325,0.0
2023-10-18,BKEX,35490.044325,0.0
2023-10-19,BKEX,35490.044325,0.0
2023-10-20,BKEX,35490.044325,0.0
2023-10-21,BKEX,35490.044325,0.0
2023-10-22,BKEX,35490.044325,0.0
2023-10-23,BKEX,35490.044325,0.0
2023-10-24,BKEX,35490.044325,0.0
2023-10-25,BKEX,35490.044325,0.0
2023-10-26,BKEX,35490.044325,0.0
2023-10-27,BKEX,35490.044325,0.0
2023-10-28,BKEX,35490.044325,0.0
2023-10-29,BKEX,35490.044325,0.0
2023-10-30,BKEX,35490.044325,0.0
2023-10-31,BKEX,35490.044325,0.0
2023-11-01,BKEX,35490.044325,0.0
2023-11-02,BKEX,35490.044325,0.0
2023-11-03,BKEX,35490.044325,0.0
2023-11-04,BKEX,35490.044325,0.0
2023-11-05,BKEX,35490.044325,0.0
2023-11-06,BKEX,35490.044325,0.0
2023-11-07,BKEX,35490.044325,0.0
2023-11-08,BKEX,35490.044325,0.0
2023-11-09,BKEX,35490.044325,0.0
2023-11-10,BKEX,35490.044325,0.0
2023-11-11,BKEX,35490.044325,0.0
2023-11-12,BKEX,35490.044325,0.0
2023-11-13,BKEX,35490.044325,0.0
2023-11-14,BKEX,35490.044325,0.0
2023-11-15,BKEX,35490.044325,0.0
2023-11-16,BKEX,35490.044325,0.0
2023-11-17,BKEX,35490.044325,0.0
2023-11-18,BKEX,35490.044325,0.0
2023-11-19,BKEX,35490.044325,0.0
2023-11-20,BKEX,35490.044325,0.0
2023-11-21,BKEX,35490.044325,0.0
2023-11-22,BKEX,35490.044325,0.0
2023-11-23,BKEX,35490.044326,1e-06
2023-11-24,BKEX,35490.044326,0.0
2023-11-25,BKEX,35490.044326,0.0
2023-11-26,BKEX,35490.044326,0.0
2023-11-27,BKEX,35490.044326,0.0
2023-11-28,BKEX,35490.044326,0.0
2023-11-29,BKEX,35490.044326,0.0
2023-11-30,BKEX,35490.044326,0.0
2023-12-01,BKEX,35490.044326,0.0
2023-12-02,BKEX,35490.044326,0.0
2023-12-03,BKEX,35490.044326,0.0
2023-12-04,BKEX,35490.044326,0.0
2023-12-05,BKEX,35490.044326,0.0
2023-12-06,BKEX,35490.044326,0.0
2023-12-07,BKEX,35490.044326,0.0
2023-12-08,BKEX,35490.044327,1e-06
2023-12-09,BKEX,35490.044327,0.0
2023-12-10,BKEX,35490.044327,0.0
2023-12-11,BKEX,35490.044327,0.0
2023-12-12,BKEX,35490.044327,0.0
2023-12-13,BKEX,35490.044327,0.0
2023-12-14,BKEX,35490.044327,0.0
2023-12-15,BKEX,35490.044327,0.0
2023-12-16,BKEX,35490.044327,0.0
2023-12-17,BKEX,35490.044327,0.0
2023-12-18,BKEX,35490.044327,0.0
2023-12-19,BKEX,35490.044327,0.0
2023-12-20,BKEX,35490.044327,0.0
2023-12-21,BKEX,35490.044327,0.0
2023-12-22,BKEX,35490.044327,0.0
2023-12-23,BKEX,35490.044327,0.0
2023-12-24,BKEX,35490.044327,0.0
2023-12-25,BKEX,35490.044327,0.0
2023-12-26,BKEX,35490.044327,0.0
2023-12-27,BKEX,35490.044327,0.0
2023-12-28,BKEX,35490.044327,0.0
2023-12-29,BKEX,35490.044327,0.0
2023-12-30,BKEX,35490.044327,0.0
2023-12-31,BKEX,35490.044327,0.0
2024-01-01,BKEX,35490.044327,0.0
2024-01-02,BKEX,35490.044327,0.0
2024-01-03,BKEX,35490.044327,0.0
2024-01-04,BKEX,35490.044327,0.0
2024-01-05,BKEX,35490.044327,0.0
2024-01-06,BKEX,35490.044327,0.0
2024-01-07,BKEX,35490.044327,0.0
2024-01-08,BKEX,35490.044327,0.0
2024-01-09,BKEX,35490.044327,0.0
2024-01-10,BKEX,35490.044327,0.0
2024-01-11,BKEX,35490.044327,0.0
2024-01-12,BKEX,35490.044327,0.0
2024-01-13,BKEX,35490.044327,0.0
2024-01-14,BKEX,35490.044327,0.0
2024-01-15,BKEX,35490.044327,0.0
2024-01-16,BKEX,35490.044327,0.0
2024-01-17,BKEX,35490.044327,0.0
2024-01-18,BKEX,35490.044327,0.0
2024-01-19,BKEX,35490.044327,0.0
2024-01-20,BKEX,35490.044327,0.0
2024-01-21,BKEX,35490.044327,0.0
2024-01-22,BKEX,35490.044327,0.0
2024-01-23,BKEX,35490.044327,0.0
2024-01-24,BKEX,35490.044327,0.0
2024-01-25,BKEX,35490.044327,0.0
2024-01-26,BKEX,35490.044327,0.0
2024-01-27,BKEX,35490.044327,0.0
2024-01-28,BKEX,35490.044327,0.0
2024-01-29,BKEX,35490.044327,0.0
2024-01-30,BKEX,35490.044327,0.0
2024-01-31,BKEX,35490.044327,0.0
2024-02-01,BKEX,35490.044327,0.0
2024-02-02,BKEX,35490.044327,0.0
2024-02-03,BKEX,35490.044327,0.0
2024-02-04,BKEX,35490.044327,0.0
2024-02-05,BKEX,35490.044327,0.0
2024-02-06,BKEX,35490.044327,0.0
2024-02-07,BKEX,35490.044327,0.0
2024-02-08,BKEX,35490.044327,0.0
2024-02-09,BKEX,35490.044327,0.0
2024-02-10,BKEX,35490.044327,0.0
2024-02-11,BKEX,35490.044327,0.0
2024-02-12,BKEX,35490.044327,0.0
2024-02-13,BKEX,35490.044327,0.0
2024-02-14,BKEX,35490.044327,0.0
2024-02-15,BKEX,35490.044327,0.0
2024-02-16,BKEX,35490.044327,0.0
2024-02-17,BKEX,35490.044327,0.0
2024-02-18,BKEX,35490.044327,0.0
2024-02-19,BKEX,35490.044327,0.0
2024-02-20,BKEX,35490.044327,0.0
2024-02-21,BKEX,35490.044327,0.0
2024-02-22,BKEX,35490.044327,0.0
2024-02-23,BKEX,35490.044327,0.0
2024-02-24,BKEX,35490.044327,0.0
2024-02-25,BKEX,35490.044327,0.0
2024-02-26,BKEX,35490.044327,0.0
2024-02-27,BKEX,35490.044327,0.0
2024-02-28,BKEX,35490.044327,0.0
2024-02-29,BKEX,35490.044327,0.0
2024-03-01,BKEX,35490.044327,0.0
2024-03-02,BKEX,35490.044327,0.0
2024-03-03,BKEX,35490.044327,0.0
2024-03-04,BKEX,35490.044327,0.0
2024-03-05,BKEX,35490.044327,0.0
2024-03-06,BKEX,35490.044327,0.0
2024-03-07,BKEX,35490.044327,0.0
2024-03-08,BKEX,35490.044327,0.0
2024-03-09,BKEX,35490.044327,0.0
2024-03-10,BKEX,35490.044327,0.0
2024-03-11,BKEX,35490.044327,0.0
2024-03-12,BKEX,35490.044327,0.0
2024-03-13,BKEX,35490.044327,0.0
2024-03-14,BKEX,35490.044327,0.0
2024-03-15,BKEX,35490.044327,0.0
2024-03-16,BKEX,35490.044327,0.0
2024-03-17,BKEX,35490.044327,0.0
2024-03-18,BKEX,35490.044327,0.0
2024-03-19,BKEX,35490.044327,0.0
2024-03-20,BKEX,35490.044327,0.0
2024-03-21,BKEX,35490.044327,0.0
2024-03-22,BKEX,35490.044327,0.0
2024-03-23,BKEX,35490.044327,0.0
2024-03-24,BKEX,35490.044327,0.0
2024-03-25,BKEX,35490.044327,0.0
2024-03-26,BKEX,35490.044327,0.0
2024-03-27,BKEX,35490.044327,0.0
2024-03-28,BKEX,35490.044327,0.0
2024-03-29,BKEX,35490.044327,0.0
2024-03-30,BKEX,35490.044327,0.0
2024-03-31,BKEX,35490.044327,0.0
2024-04-01,BKEX,35490.044327,0.0
2024-04-02,BKEX,35490.044327,0.0
2024-04-03,BKEX,35490.044327,0.0
2024-04-04,BKEX,35490.044327,0.0
2024-04-05,BKEX,35490.044327,0.0
2024-04-06,BKEX,35490.044327,0.0
2024-04-07,BKEX,35490.044327,0.0
2024-04-08,BKEX,35490.044327,0.0
2024-04-09,BKEX,35490.044327,0.0
2024-04-10,BKEX,35490.044327,0.0
2024-04-11,BKEX,35490.044327,0.0
2024-04-12,BKEX,35490.044327,0.0
2024-04-13,BKEX,35490.044327,0.0
2024-04-14,BKEX,35490.044327,0.0
2024-04-15,BKEX,35490.044327,0.0
2024-04-16,BKEX,35490.044327,0.0
2024-04-17,BKEX,35490.044327,0.0
2024-04-18,BKEX,35490.044327,0.0
2024-04-19,BKEX,35490.044327,0.0
2024-04-20,BKEX,35490.044327,0.0
2024-04-21,BKEX,35490.044327,0.0
2024-04-22,BKEX,35490.044327,0.0
2024-04-23,BKEX,35490.044327,0.0
2024-04-24,BKEX,35490.044327,0.0
2024-04-25,BKEX,35490.044327,0.0
2024-04-26,BKEX,35490.044327,0.0
2024-04-27,BKEX,35490.044327,0.0
2024-04-28,BKEX,35490.044327,0.0
2024-04-29,BKEX,35490.044327,0.0
2024-04-30,BKEX,35490.044327,0.0
2024-05-01,BKEX,35490.044327,0.0
2024-05-02,BKEX,35490.044327,0.0
2024-05-03,BKEX,35490.044327,0.0
2024-05-04,BKEX,35490.044327,0.0
2024-05-05,BKEX,35490.044327,0.0
2024-05-06,BKEX,35490.044327,0.0
2024-05-07,BKEX,35490.044327,0.0
2024-05-08,BKEX,35490.044327,0.0
2024-05-09,BKEX,35490.044327,0.0
2024-05-10,BKEX,35490.044327,0.0
2024-05-11,BKEX,35490.044327,0.0
2024-05-12,BKEX,35490.044327,0.0
2024-05-13,BKEX,35490.044327,0.0
2024-05-14,BKEX,35490.044327,0.0
2024-05-15,BKEX,35490.044327,0.0
2024-05-16,BKEX,35490.044327,0.0
2024-05-17,BKEX,35490.044327,0.0
2024-05-18,BKEX,35490.044327,0.0
2024-05-19,BKEX,35490.044327,0.0
2024-05-20,BKEX,35490.044327,0.0
2024-05-21,BKEX,35490.044327,0.0
2024-05-22,BKEX,35490.044327,0.0
2024-05-23,BKEX,35490.044327,0.0
2024-05-24,BKEX,35490.044327,0.0
2024-05-25,BKEX,35490.04444,0.000113
2024-05-26,BKEX,35490.04444,0.0
2024-05-27,BKEX,35490.04444,0.0
2024-05-28,BKEX,35490.04444,0.0
2024-05-29,BKEX,35490.04444,0.0
2024-05-30,BKEX,35490.04444,0.0
2024-05-31,BKEX,35490.04444,0.0
2024-06-01,BKEX,35490.04444,0.0
2024-06-02,BKEX,35490.04444,0.0
2024-06-03,BKEX,35490.04444,0.0
2024-06-04,BKEX,35490.04444,0.0
2024-06-05,BKEX,35490.04444,0.0
2024-06-06,BKEX,35490.04444,0.0
2024-06-07,BKEX,35490.04444,0.0
2024-06-08,BKEX,35490.04444,0.0
2024-06-09,BKEX,35490.04444,0.0
2024-06-10,BKEX,35490.04444,0.0
2024-06-11,BKEX,35490.04444,0.0
2024-06-12,BKEX,35490.04444,0.0
2024-06-13,BKEX,35490.04444,0.0
2024-06-14,BKEX,35490.04444,0.0
2024-06-15,BKEX,35490.04444,0.0
2024-06-16,BKEX,35490.04444,0.0
2024-06-17,BKEX,35490.04444,0.0
2024-06-18,BKEX,35490.04444,0.0
2024-06-19,BKEX,35490.04444,0.0
2024-06-20,BKEX,35490.04444,0.0
2024-06-21,BKEX,35490.04444,0.0
2024-06-22,BKEX,35490.04444,0.0
2024-06-23,BKEX,35490.044553,0.000113
2024-06-24,BKEX,35490.044553,0.0
2024-06-25,BKEX,35490.044553,0.0
2024-06-26,BKEX,35490.044553,0.0
2024-06-27,BKEX,35490.044553,0.0
2024-06-28,BKEX,35490.044553,0.0
2024-06-29,BKEX,35490.044553,0.0
2024-06-30,BKEX,35490.044553,0.0
2024-07-01,BKEX,35490.044553,0.0
2024-07-02,BKEX,35490.044553,0.0
2024-07-03,BKEX,35490.044553,0.0
2024-07-04,BKEX,35490.044553,0.0
2024-07-05,BKEX,35490.044553,0.0
2024-07-06,BKEX,35490.044553,0.0
2024-07-07,BKEX,35490.044553,0.0
2024-07-08,BKEX,35490.044553,0.0
2024-07-09,BKEX,35490.044553,0.0
2024-07-10,BKEX,35490.044553,0.0
2024-07-11,BKEX,35490.044553,0.0
2024-07-12,BKEX,35490.044553,0.0
2024-07-13,BKEX,35490.044553,0.0
2024-07-14,BKEX,35490.044553,0.0
2024-07-15,BKEX,35490.044553,0.0
2024-07-16,BKEX,35490.044553,0.0
2024-07-17,BKEX,35490.044553,0.0
2024-07-18,BKEX,35490.044553,0.0
2024-07-19,BKEX,35490.044553,0.0
2024-07-20,BKEX,35490.044553,0.0
2024-07-21,BKEX,35490.044553,0.0
2024-07-22,BKEX,35490.044553,0.0
2024-07-23,BKEX,35490.044553,0.0
2024-07-24,BKEX,35490.044553,0.0
2024-07-25,BKEX,35490.044553,0.0
2024-07-26,BKEX,35490.044553,0.0
2024-07-27,BKEX,35490.044553,0.0
2024-07-28,BKEX,35490.044553,0.0
2024-07-29,BKEX,35490.044553,0.0
2024-07-30,BKEX,35490.044553,0.0
2024-07-31,BKEX,35490.044553,0.0
2024-08-01,BKEX,35490.044553,0.0
2024-08-02,BKEX,35490.044553,0.0
2024-08-03,BKEX,35490.044553,0.0
2024-08-04,BKEX,35490.044553,0.0
2024-08-05,BKEX,35490.044553,0.0
2024-08-06,BKEX,35490.044553,0.0
2024-08-07,BKEX,35490.044553,0.0
2024-08-08,BKEX,35490.044553,0.0
2024-08-09,BKEX,35490.044553,0.0
2024-08-10,BKEX,35490.044553,0.0
2024-08-11,BKEX,35490.044553,0.0
2024-08-12,BKEX,35490.044553,0.0
2024-08-13,BKEX,35490.044553,0.0
2024-08-14,BKEX,35490.044553,0.0
2024-08-15,BKEX,35490.044553,0.0
2024-08-16,BKEX,35490.044553,0.0
2024-08-17,BKEX,35490.044553,0.0
2024-08-18,BKEX,35490.044553,0.0
2024-08-19,BKEX,35490.044553,0.0
2024-08-20,BKEX,35490.044553,0.0
2024-08-21,BKEX,35490.044553,0.0
2024-08-22,BKEX,35490.044553,0.0
2024-08-23,BKEX,35490.044553,0.0
2024-08-24,BKEX,35490.044553,0.0
2024-08-25,BKEX,35490.044553,0.0
2024-08-26,BKEX,35490.044553,0.0
2024-08-27,BKEX,35490.044553,0.0
2024-08-28,BKEX,35490.044553,0.0
2024-08-29,BKEX,35490.044553,0.0
2024-08-30,BKEX,35490.044553,0.0
2024-08-31,BKEX,35490.044553,0.0
2024-09-01,BKEX,35490.044553,0.0
2024-09-02,BKEX,35490.044553,0.0
2024-09-03,BKEX,35490.044553,0.0
2024-09-04,BKEX,35490.044553,0.0
2024-09-05,BKEX,35490.044553,0.0
2024-09-06,BKEX,35490.044553,0.0
2024-09-07,BKEX,35490.044553,0.0
2024-09-08,BKEX,35490.044553,0.0
2024-09-09,BKEX,35490.044553,0.0
2024-09-10,BKEX,35490.044553,0.0
2024-09-11,BKEX,35490.044553,0.0
2024-09-12,BKEX,35490.044553,0.0
2024-09-13,BKEX,35490.044553,0.0
2024-09-14,BKEX,35490.044553,0.0
2024-09-15,BKEX,35490.044553,0.0
2024-09-16,BKEX,35490.044553,0.0
2024-09-17,BKEX,35490.044553,0.0
2024-09-18,BKEX,35490.044553,0.0
2024-09-19,BKEX,35490.044553,0.0
2024-09-20,BKEX,35490.044553,0.0
2024-09-21,BKEX,35490.044553,0.0
2024-09-22,BKEX,35490.044553,0.0
2024-09-23,BKEX,35490.044553,0.0
2024-09-24,BKEX,35490.044553,0.0
2024-09-25,BKEX,35490.044553,0.0
2024-09-26,BKEX,35490.044553,0.0
2024-09-27,BKEX,35490.044553,0.0
2024-09-28,BKEX,35490.044553,0.0
2024-09-29,BKEX,35490.044553,0.0
2024-09-30,BKEX,35490.044553,0.0
2024-10-01,BKEX,35490.044553,0.0
2024-10-02,BKEX,35490.044553,0.0
2024-10-03,BKEX,35490.044553,0.0
2024-10-04,BKEX,35490.044553,0.0
2024-10-05,BKEX,35490.044553,0.0
2024-10-06,BKEX,35490.044553,0.0
2024-10-07,BKEX,35490.044553,0.0
2024-10-08,BKEX,35490.044553,0.0
2024-10-09,BKEX,35490.044553,0.0
2024-10-10,BKEX,35490.044553,0.0
